[base]
code = 广东,2010-01-28,张龙,,,,,
name = 南瑞以太网103接入规约
doc version = V1.20
tool = 1326 config tool
tool version = V1.10bata
last modified datetime = 2007-4-10 13:13

DIG=内部组号,内部条目号,FUN,INF,SOE标记,s10/11标记,复归模式,事件使能,YxType,描述
ANA=内部组号,内部条目号,Ratio,死区,Group,Entry,Min,Max,Unit,描述
CTRL=内部组号,内部条目号,Group,Entry,描述
SET=内部组号,内部条目号,Group,Entry
ZONE=内部组号,内部条目号,Group,Entry
SET_ELEMENT=GROUP,CPU,ZONE,NO,TYPE,MIN/KGBits,MAX,STEP,精度n,精度m,UNIT,描述
KG_SETs=Group,Entry,Cpu,Zone,BitSeqs,Desc
DI_CHANGE=Fun,Inf,ChannelId
ACC=AccNo,通道识别符,通道相位特征,被监视的回路元件,通道单位
EVENT=GROUP,ENTRY,CPU,FUN,INF,TRIGGER,描述
FAULT_PARA=GROUP,ENTRY,CPU,ParaType,精度n,精度m,UNIT,描述
POW=内部组号,内部条目号,Group,Entry,描述
[DIG]
16,1,17,61,1,0,0,0,1,I侧接地阻抗II段第一时限
16,2,17,63,1,0,0,0,1,I侧接地阻抗I段第一时限
16,3,17,65,1,0,0,0,1,II侧接地阻抗II段第一时限
16,4,17,66,1,0,0,0,1,II侧接地阻抗I段第二时限
16,5,17,67,1,0,0,0,1,II侧接地阻抗I段第一时限
16,6,17,163,1,0,0,0,1,公共绕组零序反时限
16,7,17,164,1,0,0,0,1,I侧零序反时限
16,8,17,169,1,0,0,0,1,II侧零序反时限
17,1,13,61,1,0,0,0,1,差动速断
17,2,13,62,1,0,0,0,1,比率差动
17,3,13,87,1,0,0,0,1,零序差动速断
17,4,13,88,1,0,0,0,1,I侧过流I段第一时限
17,5,13,94,1,0,0,0,1,I侧零序过流I段第一时限
17,6,13,102,1,0,0,0,1,公共绕组零序过流
17,7,13,104,1,0,0,0,1,II侧过流I段第一时限
17,8,13,106,1,0,0,0,1,零序比率差动
17,9,13,107,1,0,0,0,1,工频变化量差动
17,10,13,112,1,0,0,0,1,II侧零序过流I段第一时限
17,11,13,188,1,0,0,0,1,III侧过流I段第一时限
17,12,13,190,1,0,0,0,1,III侧过流II段第一时限
17,13,13,191,1,0,0,0,1,III侧过流II段第二时限
17,14,13,199,1,0,0,0,1,I侧相间阻抗I段第一时限
17,15,13,203,1,0,0,0,1,I侧相间阻抗II段第一时限
17,16,13,205,1,0,0,0,1,II侧相间阻抗I段第一时限
17,17,13,206,1,0,0,0,1,II侧相间阻抗I段第二时限
17,18,13,207,1,0,0,0,1,II侧相间阻抗II段第一时限
17,19,13,210,1,0,0,0,1,反时限过激磁
17,20,13,69,1,0,0,0,1,I侧A相跳闸
17,21,13,70,1,0,0,0,1,I侧B相跳闸
17,22,13,71,1,0,0,0,1,I侧C相跳闸
17,23,13,137,1,0,0,0,1,II侧A相跳闸
17,24,13,138,1,0,0,0,1,II侧B相跳闸
17,25,13,139,1,0,0,0,1,II侧C相跳闸
17,26,13,140,1,0,0,0,1,III侧A相跳闸
17,27,13,141,1,0,0,0,1,III侧B相跳闸
17,28,13,142,1,0,0,0,1,III侧C相跳闸
17,29,13,146,1,0,0,0,1,差动A相跳闸
17,30,13,147,1,0,0,0,1,差动B相跳闸
17,31,13,148,1,0,0,0,1,差动C相跳闸
18,1,14,194,1,0,0,0,4,数据随机存储器异常
18,2,14,195,1,0,0,0,4,程序存储器出错
18,3,14,196,1,0,0,0,4,EEPROM出错
18,4,14,223,1,0,0,0,4,该区定值无效
18,5,14,81,1,0,0,0,4,修改定值
18,6,14,202,1,0,0,0,4,光电隔离失电报警
18,7,14,200,1,0,0,0,4,输出光电隔离击穿
18,8,14,211,1,0,0,0,4,装置内部通信故障
18,9,14,82,1,0,0,0,4,DSP出错
18,10,14,214,1,0,0,0,4,长期启动报警
18,11,14,215,1,0,0,0,4,不对应启动报警
18,12,14,17,1,0,0,0,4,公共绕组TA异常
18,13,14,19,1,0,0,0,4,III侧TA异常
18,14,14,27,1,0,0,0,4,I侧TV异常
18,15,14,28,1,0,0,0,4,II侧TV异常
18,16,14,29,1,0,0,0,4,III侧TV异常
18,17,14,23,1,0,0,0,4,差动保护差流异常
18,18,14,24,1,0,0,0,4,零序差动保护差流异常
18,19,14,50,1,0,0,0,4,III侧零序电压告警
18,20,14,31,1,0,0,0,4,公共绕组TA断线
18,21,14,36,1,0,0,0,4,I侧过负荷I段
18,22,14,38,1,0,0,0,4,I侧起动风冷I段
18,23,14,40,1,0,0,0,4,I侧过载闭锁调压
18,24,14,42,1,0,0,0,4,II侧过负荷I段
18,25,14,48,1,0,0,0,4,III侧过负荷
18,26,14,56,1,0,0,0,4,公共绕组过负荷
18,27,14,41,1,0,0,0,4,TA断线
18,28,14,153,1,0,0,0,4,定时限过激磁告警
18,29,14,154,1,0,0,0,4,I侧1支路TA异常
18,30,14,155,1,0,0,0,4,I侧2支路TA异常
18,31,14,156,1,0,0,0,4,I侧1支路TA断线
18,32,14,157,1,0,0,0,4,I侧2支路TA断线
18,33,14,158,1,0,0,0,4,II侧1支路TA断线
18,34,14,159,1,0,0,0,4,II侧2支路TA断线
18,35,14,217,1,0,0,0,4,II侧1支路TA异常
18,36,14,218,1,0,0,0,4,II侧2支路TA异常
18,37,14,219,1,0,0,0,4,低压绕组TA异常
18,38,14,33,1,0,0,0,4,III侧TA断线
18,39,14,39,1,0,0,0,4,I侧起动风冷II段
19,1,36,6,1,0,0,0,4,I侧零序反时限报警
19,2,36,7,1,0,0,0,4,II侧零序反时限报警
19,3,36,8,1,0,0,0,4,公共绕组零序反时限报警
19,4,36,9,1,0,0,0,4,管理板I侧零序反时限启动
19,5,36,10,1,0,0,0,4,管理板II侧零序反时限启动
19,6,36,11,1,0,0,0,4,管理板公共绕组零序反时限启动
20,1,18,69,1,0,0,0,4,I侧复压启动
20,2,18,70,1,0,0,0,4,II侧复压启动
20,3,18,71,1,0,0,0,4,III侧复压启动
21,1,16,68,1,0,0,0,0,投检修态
21,2,16,94,1,0,0,0,0,外部电量跳闸输入1
21,3,16,95,1,0,0,0,0,外部电量跳闸输入2
21,4,16,159,1,0,0,0,0,I侧零序反时限计时起动
21,5,16,160,1,0,0,0,0,公共绕组零序反时限计时起动
21,6,16,162,1,0,0,0,0,反时限过激计时起动
21,7,16,168,1,0,0,0,0,II侧零序反时限计时起动
22,1,30,233,1,0,0,0,0,投III侧后备保护
23,1,12,57,1,0,0,0,0,投差动保护
23,2,12,58,1,0,0,0,0,投零序差动保护
23,3,12,59,1,0,0,0,0,投I侧相间后备保护
23,4,12,60,1,0,0,0,0,投I侧接地零序保护
23,5,12,64,1,0,0,0,0,投II侧相间后备保护
23,6,12,65,1,0,0,0,0,投II侧接地零序保护
23,7,12,72,1,0,0,0,0,投公共绕组后备保护
23,8,12,74,1,0,0,0,0,III侧电压退出
23,9,12,75,1,0,0,0,0,II侧电压退出
23,10,12,76,1,0,0,0,0,I侧电压退出
23,11,12,216,1,0,0,0,0,投过激磁保护
23,12,12,77,1,0,0,0,0,管理板差动起动
23,13,12,78,1,0,0,0,0,管理板工频变化量差动起动
23,14,12,79,1,0,0,0,0,管理板零序差动起动
23,15,12,80,1,0,0,0,0,管理板I侧后备保护起动
23,16,12,83,1,0,0,0,0,管理板II侧后备保护起动
23,17,12,84,1,0,0,0,0,管理板III侧后备保护起动
23,18,12,86,1,0,0,0,0,管理板公共绕组后备保护起动
23,19,12,183,1,0,0,0,0,管理板反时限过激起动
255,255,0,0,1,0,0,0,5,通信状态
[ANA]
64,1,1,0.01,26,1,0,100,V,I侧A相电压
64,2,1,0.01,26,2,0,100,V,I侧B相电压
64,3,1,0.01,26,3,0,100,V,I侧C相电压
64,4,1,0.01,26,4,0,100,V,I侧自产零序电压
64,5,1,0.01,26,5,0,100,A,I侧1支路A相电流
64,6,1,0.01,26,6,0,100,A,I侧1支路B相电流
64,7,1,0.01,26,7,0,100,A,I侧1支路C相电流
64,8,1,0.01,26,8,0,100,A,I侧1支路自产零序电流
64,9,1,0.01,26,9,0,100,A,I侧2支路A相电流
64,10,1,0.01,26,10,0,100,A,I侧2支路B相电流
64,11,1,0.01,26,11,0,100,A,I侧2支路C相电流
64,12,1,0.01,26,12,0,100,A,I侧2支路自产零序电流
64,13,1,0.01,26,13,0,100,A,I侧A相电流
64,14,1,0.01,26,14,0,100,A,I侧B相电流
64,15,1,0.01,26,15,0,100,A,I侧C相电流
64,16,1,0.01,26,16,0,100,A,I侧自产零序电流
64,17,1,0.01,26,17,0,100,A,I侧外接零序电流
64,18,1,0.01,26,18,0,100,V,I侧AB相间电压
64,19,1,0.01,26,19,0,100,V,I侧BC相间电压
64,20,1,0.01,26,20,0,100,V,I侧CA相间电压
64,21,1,0.01,26,21,0,100,A,I侧1支路AB相间电流
64,22,1,0.01,26,22,0,100,A,I侧1支路BC相间电流
64,23,1,0.01,26,23,0,100,A,I侧1支路CA相间电流
64,24,1,0.01,26,24,0,100,A,I侧2支路AB相间电流
64,25,1,0.01,26,25,0,100,A,I侧2支路BC相间电流
64,26,1,0.01,26,26,0,100,A,I侧2支路CA相间电流
64,27,1,0.01,26,27,0,100,A,I侧AB相间电流
64,28,1,0.01,26,28,0,100,A,I侧BC相间电流
64,29,1,0.01,26,29,0,100,A,I侧CA相间电流
64,30,1,0.01,26,30,0,100,V,II侧A相电压
64,31,1,0.01,26,31,0,100,V,II侧B相电压
64,32,1,0.01,26,32,0,100,V,II侧C相电压
64,33,1,0.01,26,33,0,100,V,II侧自产零序电压
64,34,1,0.01,26,34,0,100,A,II侧1支路A相电流
64,35,1,0.01,26,35,0,100,A,II侧1支路B相电流
64,36,1,0.01,26,36,0,100,A,II侧1支路C相电流
64,37,1,0.01,26,37,0,100,A,II侧1支路自产零序电流
64,38,1,0.01,26,38,0,100,A,II侧2支路A相电流
64,39,1,0.01,26,39,0,100,A,II侧2支路B相电流
64,40,1,0.01,26,40,0,100,A,II侧2支路C相电流
64,41,1,0.01,26,41,0,100,A,II侧2支路自产零序电流
64,42,1,0.01,26,42,0,100,A,II侧A相电流
64,43,1,0.01,26,43,0,100,A,II侧B相电流
64,44,1,0.01,26,44,0,100,A,II侧C相电流
64,45,1,0.01,26,45,0,100,A,II侧自产零序电流
64,46,1,0.01,26,46,0,100,A,II侧外接零序电流
64,47,1,0.01,26,47,0,100,V,II侧AB相间电压
64,48,1,0.01,26,48,0,100,V,II侧BC相间电压
64,49,1,0.01,26,49,0,100,V,II侧CA相间电压
64,50,1,0.01,26,50,0,100,A,II侧1支路AB相间电流
64,51,1,0.01,26,51,0,100,A,II侧1支路BC相间电流
64,52,1,0.01,26,52,0,100,A,II侧1支路CA相间电流
64,53,1,0.01,26,53,0,100,A,II侧2支路AB相间电流
64,54,1,0.01,26,54,0,100,A,II侧2支路BC相间电流
64,55,1,0.01,26,55,0,100,A,II侧2支路CA相间电流
64,56,1,0.01,26,56,0,100,A,II侧AB相间电流
64,57,1,0.01,26,57,0,100,A,II侧BC相间电流
64,58,1,0.01,26,58,0,100,A,II侧CA相间电流
64,59,1,0.01,26,59,0,100,V,III侧A相电压
64,60,1,0.01,26,60,0,100,V,III侧B相电压
64,61,1,0.01,26,61,0,100,V,III侧C相电压
64,62,1,0.01,26,62,0,100,V,III侧负序相电压
64,63,1,0.01,26,63,0,100,V,III侧开口三角电压
64,64,1,0.01,26,64,0,100,A,III侧A相电流
64,65,1,0.01,26,65,0,100,A,III侧B相电流
64,66,1,0.01,26,66,0,100,A,III侧C相电流
64,67,1,0.01,26,67,0,100,A,低压绕组A相电流
64,68,1,0.01,26,68,0,100,A,低压绕组B相电流
64,69,1,0.01,26,69,0,100,A,低压绕组C相电流
64,70,1,0.01,26,70,0,100,A,公共绕组A相电流
64,71,1,0.01,26,71,0,100,A,公共绕组B相电流
64,72,1,0.01,26,72,0,100,A,公共绕组C相电流
64,73,1,0.01,26,73,0,100,A,公共绕组自产零序电流
64,74,1,0.01,26,74,0,100,A,公共绕组中性点零序电流
64,75,1,0.01,26,75,0,100,Ie,差动I侧1支路A相调整电流
64,76,1,0.01,26,76,0,100,Ie,差动I侧1支路B相调整电流
64,77,1,0.01,26,77,0,100,Ie,差动I侧1支路C相调整电流
64,78,1,0.01,26,78,0,100,Ie,差动I侧2支路A相调整电流
64,79,1,0.01,26,79,0,100,Ie,差动I侧2支路B相调整电流
64,80,1,0.01,26,80,0,100,Ie,差动I侧2支路C相调整电流
64,81,1,0.01,26,81,0,100,Ie,差动II侧1支路A相调整电流
64,82,1,0.01,26,82,0,100,Ie,差动II侧1支路B相调整电流
64,83,1,0.01,26,83,0,100,Ie,差动II侧1支路C相调整电流
64,84,1,0.01,26,84,0,100,Ie,差动II侧2支路A相调整电流
64,85,1,0.01,26,85,0,100,Ie,差动II侧2支路B相调整电流
64,86,1,0.01,26,86,0,100,Ie,差动II侧2支路C相调整电流
64,87,1,0.01,26,87,0,100,Ie,差动III侧A相调整电流
64,88,1,0.01,26,88,0,100,Ie,差动III侧B相调整电流
64,89,1,0.01,26,89,0,100,Ie,差动III侧C相调整电流
64,90,1,0.01,26,90,0,100,In,零差I侧1支路调整电流
64,91,1,0.01,26,91,0,100,In,零差I侧2支路调整电流
64,92,1,0.01,26,92,0,100,In,零差II侧1支路调整电流
64,93,1,0.01,26,93,0,100,In,零差II侧2支路调整电流
64,94,1,0.01,26,94,0,100,In,零差公共绕组调整电流
64,95,1,0.01,26,95,0,100,,过激磁倍数
64,96,1,0.01,26,96,0,100,Hz,频率
64,97,1,0.01,26,97,0,100,,反时限累积倍数
64,98,1,0.01,26,98,0,100,Ie,差动A相差流
64,99,1,0.01,26,99,0,100,Ie,差动B相差流
64,100,1,0.01,26,100,0,100,Ie,差动C相差流
64,101,1,0.01,26,101,0,100,In,零序差流
64,102,1,0.01,26,102,0,100,Ie,差动A相制动门槛
64,103,1,0.01,26,103,0,100,Ie,差动B相制动门槛
64,104,1,0.01,26,104,0,100,Ie,差动C相制动门槛
64,105,1,0.01,26,105,0,100,In,零差制动门槛
64,106,1,0.01,26,106,0,100,,差流A相二次谐波含量
64,107,1,0.01,26,107,0,100,,差流B相二次谐波含量
64,108,1,0.01,26,108,0,100,,差流C相二次谐波含量
64,109,1,0.01,26,109,0,100,,差流A相三次谐波含量
64,110,1,0.01,26,110,0,100,,差流B相三次谐波含量
64,111,1,0.01,26,111,0,100,,差流C相三次谐波含量
64,112,1,0.01,26,112,0,100,,差流A相五次谐波含量
64,113,1,0.01,26,113,0,100,,差流B相五次谐波含量
64,114,1,0.01,26,114,0,100,,差流C相五次谐波含量
64,115,1,0.01,26,115,0,100,,I侧1支路平衡系数
64,116,1,0.01,26,116,0,100,,I侧2支路平衡系数
64,117,1,0.01,26,117,0,100,,II侧1支路平衡系数
64,118,1,0.01,26,118,0,100,,II侧2支路平衡系数
64,119,1,0.01,26,119,0,100,,III侧平衡系数
64,120,1,0.01,26,120,0,100,A,I侧1支路额定电流
64,121,1,0.01,26,121,0,100,A,I侧2支路额定电流
64,122,1,0.01,26,122,0,100,A,II侧1支路额定电流
64,123,1,0.01,26,123,0,100,A,II侧2支路额定电流
64,124,1,0.01,26,124,0,100,A,III侧额定电流
64,125,1,0.01,26,125,0,100,,零差I侧1支路平衡系数
64,126,1,0.01,26,126,0,100,,零差I侧2支路平衡系数
64,127,1,0.01,26,127,0,100,,零差II侧1支路平衡系数
64,128,1,0.01,26,128,0,100,,零差II侧2支路平衡系数
64,129,1,0.01,26,129,0,100,,零差公共侧平衡系数
[CTRL]
[SET]
144,0,8,0
145,0,7,0
146,0,6,0
147,0,5,0
148,0,4,0
149,0,3,0
[ZONE]
208,0,25,0
[SET_ELEMENT]
144,1,16,1,0,0.05,150.00,0.01,3,2,A,公共绕组后备零序过流定值
144,1,16,2,0,0.00,20.00,0.01,3,2,S,公共绕组后备零序过流时限
144,1,16,3,1,0,1,1,3,2,,公共绕组后备零序过流跳闸投入
144,1,16,4,1,0,1,1,3,2,,公共绕组后备零序过流跳I侧开关
144,1,16,5,1,0,1,1,3,2,,公共绕组后备零序过流跳II侧开关
144,1,16,6,1,0,1,1,3,2,,公共绕组后备零序过流跳III侧开关
144,1,16,7,1,0,1,1,3,2,,公共绕组后备零序过流跳I侧母联
144,1,16,8,1,0,1,1,3,2,,公共绕组后备零序过流跳II侧母联
144,1,16,9,1,0,1,1,3,2,,公共绕组后备零序过流跳备用3
144,1,16,10,1,0,1,1,3,2,,公共绕组后备零序过流跳备用1
144,1,16,11,1,0,1,1,3,2,,公共绕组后备零序过流跳备用2
144,1,16,12,0,0.05,100.00,0.01,3,2,A,公共绕组后备零序反时限过流定值
144,1,16,13,0,0.50,10.00,0.01,3,2,S,公共绕组后备零序反时限时间
144,1,16,14,1,0,1,1,3,2,,公共绕组后备零序反时限跳闸投入
144,1,16,15,1,0,1,1,3,2,,公共绕组后备零序反时限跳I侧开关
144,1,16,16,1,0,1,1,3,2,,公共绕组后备零序反时限跳II侧开关
144,1,16,17,1,0,1,1,3,2,,公共绕组后备零序反时限跳III侧开关
144,1,16,18,1,0,1,1,3,2,,公共绕组后备零序反时限跳I侧母联
144,1,16,19,1,0,1,1,3,2,,公共绕组后备零序反时限跳II侧母联
144,1,16,20,1,0,1,1,3,2,,公共绕组后备零序反时限跳备用3
144,1,16,21,1,0,1,1,3,2,,公共绕组后备零序反时限跳备用1
144,1,16,22,1,0,1,1,3,2,,公共绕组后备零序反时限跳备用2
144,1,16,23,0,0.05,150.00,0.01,3,2,A,公共绕组后备过负荷电流定值
144,1,16,24,1,0,1,1,3,2,,公共绕组后备过负荷投入
145,1,16,1,0,0.05,150.00,0.01,3,2,A,III侧后备过流I段定值
145,1,16,2,0,0.00,20.00,0.01,3,2,S,III侧后备过流I段时限
145,1,16,3,1,0,1,1,3,2,,III侧后备过流I段跳闸投入
145,1,16,4,1,0,1,1,3,2,,III侧后备过流I段跳I侧开关
145,1,16,5,1,0,1,1,3,2,,III侧后备过流I段跳II侧开关
145,1,16,6,1,0,1,1,3,2,,III侧后备过流I段跳III侧开关
145,1,16,7,1,0,1,1,3,2,,III侧后备过流I段跳I侧母联
145,1,16,8,1,0,1,1,3,2,,III侧后备过流I段跳II侧母联
145,1,16,9,1,0,1,1,3,2,,III侧后备过流I段跳备用3
145,1,16,10,1,0,1,1,3,2,,III侧后备过流I段跳备用1
145,1,16,11,1,0,1,1,3,2,,III侧后备过流I段跳备用2
145,1,16,12,0,0.05,150.00,0.01,3,2,A,III侧后备过流II段定值
145,1,16,13,0,0.00,20.00,0.01,3,2,S,III侧后备过流II段第一时限
145,1,16,14,1,0,1,1,3,2,,III侧后备过流II段第一时限跳闸投入
145,1,16,15,1,0,1,1,3,2,,III侧后备过流II段第一时限跳I侧开关
145,1,16,16,1,0,1,1,3,2,,III侧后备过流II段第一时限跳II侧开关
145,1,16,17,1,0,1,1,3,2,,III侧后备过流II段第一时限跳III侧开关
145,1,16,18,1,0,1,1,3,2,,III侧后备过流II段第一时限跳I侧母联
145,1,16,19,1,0,1,1,3,2,,III侧后备过流II段第一时限跳II侧母联
145,1,16,20,1,0,1,1,3,2,,III侧后备过流II段第一时限跳备用3
145,1,16,21,1,0,1,1,3,2,,III侧后备过流II段第一时限跳备用1
145,1,16,22,1,0,1,1,3,2,,III侧后备过流II段第一时限跳备用2
145,1,16,23,0,0.00,20.00,0.01,3,2,S,III侧后备过流II段第二时限
145,1,16,24,1,0,1,1,3,2,,III侧后备过流II段第二时限跳闸投入
145,1,16,25,1,0,1,1,3,2,,III侧后备过流II段第二时限跳I侧开关
145,1,16,26,1,0,1,1,3,2,,III侧后备过流II段第二时限跳II侧开关
145,1,16,27,1,0,1,1,3,2,,III侧后备过流II段第二时限跳III侧开关
145,1,16,28,1,0,1,1,3,2,,III侧后备过流II段第二时限跳I侧母联
145,1,16,29,1,0,1,1,3,2,,III侧后备过流II段第二时限跳II侧母联
145,1,16,30,1,0,1,1,3,2,,III侧后备过流II段第二时限跳备用3
145,1,16,31,1,0,1,1,3,2,,III侧后备过流II段第二时限跳备用1
145,1,16,32,1,0,1,1,3,2,,III侧后备过流II段第二时限跳备用2
145,1,16,33,0,0.05,150.00,0.01,3,2,A,III侧后备过负荷定值
145,1,16,34,0,2.00,150.00,0.01,3,2,V,III侧后备零序电压报警定值
145,1,16,35,0,0.00,20.00,0.01,3,2,S,III侧后备零序电压报警延时
145,1,16,36,1,0,1,1,3,2,,III侧后备过负荷投入
145,1,16,37,1,0,1,1,3,2,,III侧后备零序电压报警投入
146,1,16,1,0,0.00,100.00,0.01,3,2,Ω,II侧后备阻抗I段定值
146,1,16,2,0,0.00,20.00,0.01,3,2,S,II侧后备阻抗I段第一时限
146,1,16,3,1,0,1,1,3,2,,II侧后备阻抗I段第一时限跳闸投入
146,1,16,4,1,0,1,1,3,2,,II侧后备阻抗I段第一时限跳I侧开关
146,1,16,5,1,0,1,1,3,2,,II侧后备阻抗I段第一时限跳II侧开关
146,1,16,6,1,0,1,1,3,2,,II侧后备阻抗I段第一时限跳III侧开关
146,1,16,7,1,0,1,1,3,2,,II侧后备阻抗I段第一时限跳I侧母联
146,1,16,8,1,0,1,1,3,2,,II侧后备阻抗I段第一时限跳II侧母联
146,1,16,9,1,0,1,1,3,2,,II侧后备阻抗I段第一时限跳备用3
146,1,16,10,1,0,1,1,3,2,,II侧后备阻抗I段第一时限跳备用1
146,1,16,11,1,0,1,1,3,2,,II侧后备阻抗I段第一时限跳备用2
146,1,16,12,0,0.00,20.00,0.01,3,2,S,II侧后备阻抗I段第二时限
146,1,16,13,1,0,1,1,3,2,,II侧后备阻抗I段第二时限跳闸投入
146,1,16,14,1,0,1,1,3,2,,II侧后备阻抗I段第二时限跳I侧开关
146,1,16,15,1,0,1,1,3,2,,II侧后备阻抗I段第二时限跳II侧开关
146,1,16,16,1,0,1,1,3,2,,II侧后备阻抗I段第二时限跳III侧开关
146,1,16,17,1,0,1,1,3,2,,II侧后备阻抗I段第二时限跳I侧母联
146,1,16,18,1,0,1,1,3,2,,II侧后备阻抗I段第二时限跳II侧母联
146,1,16,19,1,0,1,1,3,2,,II侧后备阻抗I段第二时限跳备用3
146,1,16,20,1,0,1,1,3,2,,II侧后备阻抗I段第二时限跳备用1
146,1,16,21,1,0,1,1,3,2,,II侧后备阻抗I段第二时限跳备用2
146,1,16,22,0,0.00,100.00,0.01,3,2,Ω,II侧后备阻抗II段定值
146,1,16,23,0,0.00,20.00,0.01,3,2,S,II侧后备阻抗II段时限
146,1,16,24,1,0,1,1,3,2,,II侧后备阻抗II段跳闸投入
146,1,16,25,1,0,1,1,3,2,,II侧后备阻抗II段跳I侧开关
146,1,16,26,1,0,1,1,3,2,,II侧后备阻抗II段跳II侧开关
146,1,16,27,1,0,1,1,3,2,,II侧后备阻抗II段跳III侧开关
146,1,16,28,1,0,1,1,3,2,,II侧后备阻抗II段跳I侧母联
146,1,16,29,1,0,1,1,3,2,,II侧后备阻抗II段跳II侧母联
146,1,16,30,1,0,1,1,3,2,,II侧后备阻抗II段跳备用3
146,1,16,31,1,0,1,1,3,2,,II侧后备阻抗II段跳备用1
146,1,16,32,1,0,1,1,3,2,,II侧后备阻抗II段跳备用2
146,1,16,33,0,0.05,150.00,0.01,3,2,A,II侧后备过流I段定值
146,1,16,34,0,0.00,20.00,0.01,3,2,S,II侧后备过流I段时限
146,1,16,35,1,0,1,1,3,2,,II侧后备过流I段跳闸投入
146,1,16,36,1,0,1,1,3,2,,II侧后备过流I段跳I侧开关
146,1,16,37,1,0,1,1,3,2,,II侧后备过流I段跳II侧开关
146,1,16,38,1,0,1,1,3,2,,II侧后备过流I段跳III侧开关
146,1,16,39,1,0,1,1,3,2,,II侧后备过流I段跳I侧母联
146,1,16,40,1,0,1,1,3,2,,II侧后备过流I段跳II侧母联
146,1,16,41,1,0,1,1,3,2,,II侧后备过流I段跳备用3
146,1,16,42,1,0,1,1,3,2,,II侧后备过流I段跳备用1
146,1,16,43,1,0,1,1,3,2,,II侧后备过流I段跳备用2
146,1,16,44,0,0.05,100.00,0.01,3,2,A,II侧后备零序反时限过流定值
146,1,16,45,0,0.50,10.00,0.01,3,2,S,II侧后备零序反时限时间
146,1,16,46,1,0,1,1,3,2,,II侧后备零序反时限跳闸投入
146,1,16,47,1,0,1,1,3,2,,II侧后备零序反时限跳I侧开关
146,1,16,48,1,0,1,1,3,2,,II侧后备零序反时限跳II侧开关
146,1,16,49,1,0,1,1,3,2,,II侧后备零序反时限跳III侧开关
146,1,16,50,1,0,1,1,3,2,,II侧后备零序反时限跳I侧母联
146,1,16,51,1,0,1,1,3,2,,II侧后备零序反时限跳II侧母联
146,1,16,52,1,0,1,1,3,2,,II侧后备零序反时限跳备用3
146,1,16,53,1,0,1,1,3,2,,II侧后备零序反时限跳备用1
146,1,16,54,1,0,1,1,3,2,,II侧后备零序反时限跳备用2
146,1,16,55,0,0.00,100.00,0.01,3,2,Ω,II侧后备接地阻抗I段定值
146,1,16,56,0,0.00,20.00,0.01,3,2,S,II侧后备接地阻抗I段第一时限
146,1,16,57,1,0,1,1,3,2,,II侧后备接地阻抗I段第一时限跳闸投入
146,1,16,58,1,0,1,1,3,2,,II侧后备接地阻抗I段第一时限跳I侧开关
146,1,16,59,1,0,1,1,3,2,,II侧后备接地阻抗I段第一时限跳II侧开关
146,1,16,60,1,0,1,1,3,2,,II侧后备接地阻抗I段第一时限跳III侧开关
146,1,16,61,1,0,1,1,3,2,,II侧后备接地阻抗I段第一时限跳I侧母联
146,1,16,62,1,0,1,1,3,2,,II侧后备接地阻抗I段第一时限跳II侧母联
146,1,16,63,1,0,1,1,3,2,,II侧后备接地阻抗I段第一时限跳备用3
146,1,16,64,1,0,1,1,3,2,,II侧后备接地阻抗I段第一时限跳备用1
146,1,16,65,1,0,1,1,3,2,,II侧后备接地阻抗I段第一时限跳备用2
146,1,16,66,0,0.00,20.00,0.01,3,2,S,II侧后备接地阻抗I段第二时限
146,1,16,67,1,0,1,1,3,2,,II侧后备接地阻抗I段第二时限跳闸投入
146,1,16,68,1,0,1,1,3,2,,II侧后备接地阻抗I段第二时限跳I侧开关
146,1,16,69,1,0,1,1,3,2,,II侧后备接地阻抗I段第二时限跳II侧开关
146,1,16,70,1,0,1,1,3,2,,II侧后备接地阻抗I段第二时限跳III侧开关
146,1,16,71,1,0,1,1,3,2,,II侧后备接地阻抗I段第二时限跳I侧母联
146,1,16,72,1,0,1,1,3,2,,II侧后备接地阻抗I段第二时限跳II侧母联
146,1,16,73,1,0,1,1,3,2,,II侧后备接地阻抗I段第二时限跳备用3
146,1,16,74,1,0,1,1,3,2,,II侧后备接地阻抗I段第二时限跳备用1
146,1,16,75,1,0,1,1,3,2,,II侧后备接地阻抗I段第二时限跳备用2
146,1,16,76,0,0.00,100.00,0.01,3,2,Ω,II侧后备接地阻抗II段定值
146,1,16,77,0,0.00,20.00,0.01,3,2,S,II侧后备接地阻抗II段时限
146,1,16,78,1,0,1,1,3,2,,II侧后备接地阻抗II段跳闸投入
146,1,16,79,1,0,1,1,3,2,,II侧后备接地阻抗II段跳I侧开关
146,1,16,80,1,0,1,1,3,2,,II侧后备接地阻抗II段跳II侧开关
146,1,16,81,1,0,1,1,3,2,,II侧后备接地阻抗II段跳III侧开关
146,1,16,82,1,0,1,1,3,2,,II侧后备接地阻抗II段跳I侧母联
146,1,16,83,1,0,1,1,3,2,,II侧后备接地阻抗II段跳II侧母联
146,1,16,84,1,0,1,1,3,2,,II侧后备接地阻抗II段跳备用3
146,1,16,85,1,0,1,1,3,2,,II侧后备接地阻抗II段跳备用1
146,1,16,86,1,0,1,1,3,2,,II侧后备接地阻抗II段跳备用2
146,1,16,87,0,0.05,150.00,0.01,3,2,A,II侧后备零序过流I段定值
146,1,16,88,0,0.00,20.00,0.01,3,2,S,II侧后备零序过流I段时限
146,1,16,89,1,0,1,1,3,2,,II侧后备零序I段跳闸投入
146,1,16,90,1,0,1,1,3,2,,II侧后备零序I段跳I侧开关
146,1,16,91,1,0,1,1,3,2,,II侧后备零序I段跳II侧开关
146,1,16,92,1,0,1,1,3,2,,II侧后备零序I段跳III侧开关
146,1,16,93,1,0,1,1,3,2,,II侧后备零序I段跳I侧母联
146,1,16,94,1,0,1,1,3,2,,II侧后备零序I段跳II侧母联
146,1,16,95,1,0,1,1,3,2,,II侧后备零序I段跳备用3
146,1,16,96,1,0,1,1,3,2,,II侧后备零序I段跳备用1
146,1,16,97,1,0,1,1,3,2,,II侧后备零序I段跳备用2
146,1,16,98,0,0.05,150.00,0.01,3,2,A,II侧后备过负荷定值
146,1,16,99,1,0,1,1,3,2,,II侧后备过负荷投入
146,1,16,100,1,0,1,1,3,2,,II侧后备零序过流I段经方向闭锁投入
146,1,16,101,0,0,100,0.01,3,2,A,II侧后备零序反时限用自产零序电流
147,1,16,1,0,0.00,100.00,0.01,3,2,Ω,I侧后备阻抗I段定值
147,1,16,2,0,0.00,20.00,0.01,3,2,S,I侧后备阻抗I段时限
147,1,16,3,1,0,1,1,3,2,,I侧后备阻抗I段跳闸投入
147,1,16,4,1,0,1,1,3,2,,I侧后备阻抗I段跳I侧开关
147,1,16,5,1,0,1,1,3,2,,I侧后备阻抗I段跳II侧开关
147,1,16,6,1,0,1,1,3,2,,I侧后备阻抗I段跳III侧开关
147,1,16,7,1,0,1,1,3,2,,I侧后备阻抗I段跳I侧母联
147,1,16,8,1,0,1,1,3,2,,I侧后备阻抗I段跳II侧母联
147,1,16,9,1,0,1,1,3,2,,I侧后备阻抗I段跳备用3
147,1,16,10,1,0,1,1,3,2,,I侧后备阻抗I段跳备用1
147,1,16,11,1,0,1,1,3,2,,I侧后备阻抗I段跳备用2
147,1,16,12,0,0.00,100.00,0.01,3,2,Ω,I侧后备阻抗II段定值
147,1,16,13,0,0.00,20.00,0.01,3,2,S,I侧后备阻抗II段时限
147,1,16,14,1,0,1,1,3,2,,I侧后备阻抗II段跳闸投入
147,1,16,15,1,0,1,1,3,2,,I侧后备阻抗II段跳I侧开关
147,1,16,16,1,0,1,1,3,2,,I侧后备阻抗II段跳II侧开关
147,1,16,17,1,0,1,1,3,2,,I侧后备阻抗II段跳III侧开关
147,1,16,18,1,0,1,1,3,2,,I侧后备阻抗II段跳I侧母联
147,1,16,19,1,0,1,1,3,2,,I侧后备阻抗II段跳II侧母联
147,1,16,20,1,0,1,1,3,2,,I侧后备阻抗II段跳备用3
147,1,16,21,1,0,1,1,3,2,,I侧后备阻抗II段跳备用1
147,1,16,22,1,0,1,1,3,2,,I侧后备阻抗II段跳备用2
147,1,16,23,0,0.05,150.00,0.01,3,2,A,I侧后备过流I段定值
147,1,16,24,0,0.00,20.00,0.01,3,2,S,I侧后备过流I段时限
147,1,16,25,1,0,1,1,3,2,,I侧后备过流I段跳闸投入
147,1,16,26,1,0,1,1,3,2,,I侧后备过流I段跳I侧开关
147,1,16,27,1,0,1,1,3,2,,I侧后备过流I段跳II侧开关
147,1,16,28,1,0,1,1,3,2,,I侧后备过流I段跳III侧开关
147,1,16,29,1,0,1,1,3,2,,I侧后备过流I段跳I侧母联
147,1,16,30,1,0,1,1,3,2,,I侧后备过流I段跳II侧母联
147,1,16,31,1,0,1,1,3,2,,I侧后备过流I段跳备用3
147,1,16,32,1,0,1,1,3,2,,I侧后备过流I段跳备用1
147,1,16,33,1,0,1,1,3,2,,I侧后备过流I段跳备用2
147,1,16,34,0,0.05,100.00,0.01,3,2,A,I侧后备零序反时限过流定值
147,1,16,35,0,0.50,10.00,0.01,3,2,S,I侧后备零序反时限时间
147,1,16,36,1,0,1,1,3,2,,I侧后备零序反时限跳闸投入
147,1,16,37,1,0,1,1,3,2,,I侧后备零序反时限跳I侧开关
147,1,16,38,1,0,1,1,3,2,,I侧后备零序反时限跳II侧开关
147,1,16,39,1,0,1,1,3,2,,I侧后备零序反时限跳III侧开关
147,1,16,40,1,0,1,1,3,2,,I侧后备零序反时限跳I侧母联
147,1,16,41,1,0,1,1,3,2,,I侧后备零序反时限跳II侧母联
147,1,16,42,1,0,1,1,3,2,,I侧后备零序反时限跳备用3
147,1,16,43,1,0,1,1,3,2,,I侧后备零序反时限跳备用1
147,1,16,44,1,0,1,1,3,2,,I侧后备零序反时限跳备用2
147,1,16,45,0,0.00,100.00,0.01,3,2,Ω,I侧后备接地阻抗I段定值
147,1,16,46,0,0.00,20.00,0.01,3,2,S,I侧后备接地阻抗I段时限
147,1,16,47,1,0,1,1,3,2,,I侧后备接地阻抗I段跳闸投入
147,1,16,48,1,0,1,1,3,2,,I侧后备接地阻抗I段跳I侧开关
147,1,16,49,1,0,1,1,3,2,,I侧后备接地阻抗I段跳II侧开关
147,1,16,50,1,0,1,1,3,2,,I侧后备接地阻抗I段跳III侧开关
147,1,16,51,1,0,1,1,3,2,,I侧后备接地阻抗I段跳I侧母联
147,1,16,52,1,0,1,1,3,2,,I侧后备接地阻抗I段跳II侧母联
147,1,16,53,1,0,1,1,3,2,,I侧后备接地阻抗I段跳备用3
147,1,16,54,1,0,1,1,3,2,,I侧后备接地阻抗I段跳备用1
147,1,16,55,1,0,1,1,3,2,,I侧后备接地阻抗I段跳备用2
147,1,16,56,0,0.00,100.00,0.01,3,2,Ω,I侧后备接地阻抗II段定值
147,1,16,57,0,0.00,20.00,0.01,3,2,S,I侧后备接地阻抗II段时限
147,1,16,58,1,0,1,1,3,2,,I侧后备接地阻抗II段跳闸投入
147,1,16,59,1,0,1,1,3,2,,I侧后备接地阻抗II段跳I侧开关
147,1,16,60,1,0,1,1,3,2,,I侧后备接地阻抗II段跳II侧开关
147,1,16,61,1,0,1,1,3,2,,I侧后备接地阻抗II段跳III侧开关
147,1,16,62,1,0,1,1,3,2,,I侧后备接地阻抗II段跳I侧母联
147,1,16,63,1,0,1,1,3,2,,I侧后备接地阻抗II段跳II侧母联
147,1,16,64,1,0,1,1,3,2,,I侧后备接地阻抗II段跳备用3
147,1,16,65,1,0,1,1,3,2,,I侧后备接地阻抗II段跳备用1
147,1,16,66,1,0,1,1,3,2,,I侧后备接地阻抗II段跳备用2
147,1,16,67,0,0.05,150.00,0.01,3,2,A,I侧后备零序过流I段定值
147,1,16,68,0,0.00,20.00,0.01,3,2,S,I侧后备零序过流I段时限
147,1,16,69,1,0,1,1,3,2,,I侧后备零序I段跳闸投入
147,1,16,70,1,0,1,1,3,2,,I侧后备零序I段跳I侧开关
147,1,16,71,1,0,1,1,3,2,,I侧后备零序I段跳II侧开关
147,1,16,72,1,0,1,1,3,2,,I侧后备零序I段跳III侧开关
147,1,16,73,1,0,1,1,3,2,,I侧后备零序I段跳I侧母联
147,1,16,74,1,0,1,1,3,2,,I侧后备零序I段跳II侧母联
147,1,16,75,1,0,1,1,3,2,,I侧后备零序I段跳备用3
147,1,16,76,1,0,1,1,3,2,,I侧后备零序I段跳备用1
147,1,16,77,1,0,1,1,3,2,,I侧后备零序I段跳备用2
147,1,16,78,0,0.05,150.00,0.01,3,2,A,I侧后备过负荷电流定值
147,1,16,79,0,0.05,150.00,0.01,3,2,A,I侧后备起动风冷I段电流定值
147,1,16,80,0,0.00,20.00,0.01,3,2,S,I侧后备起动风冷I段延时
147,1,16,81,0,0.05,150.00,0.01,3,2,A,I侧后备起动风冷II段电流定值
147,1,16,82,0,0.00,20.00,0.01,3,2,S,I侧后备起动风冷II段延时
147,1,16,83,0,0.05,150.00,0.01,3,2,A,I侧后备过载闭锁调压定值
147,1,16,84,0,0.00,20.00,0.01,3,2,S,I侧后备过载闭锁调压延时
147,1,16,85,1,0,1,1,3,2,,I侧后备过负荷投入
147,1,16,86,1,0,1,1,3,2,,I侧后备起动风冷I段投入
147,1,16,87,1,0,1,1,3,2,,I侧后备零序过流I段经方向闭锁投入
147,1,16,88,1,0,1,1,3,2,,I侧后备过载闭锁调压投入
147,1,16,89,0,0,100,0.01,3,2,,I侧后备零序反时限用自产零序电流
147,1,16,90,1,0,1,1,3,2,,I侧后备起动风冷II段投入
148,1,16,1,0,1.000,1.700,0.001,3,2,0,定时限过激磁报警倍数
148,1,16,2,0,1.000,1.700,0.001,3,2,0,反时限过激磁上限倍数
148,1,16,3,0,0.0,6000.0,0.1,3,2,S,反时限过激磁上限时限
148,1,16,4,0,1.000,1.700,0.001,3,2,0,反时限过激磁倍数I
148,1,16,5,0,0.0,6000.0,0.1,3,2,S,反时限过激磁倍数I时限
148,1,16,6,0,1.000,1.700,0.001,3,2,0,反时限过激磁倍数II
148,1,16,7,0,0.0,6000.0,0.1,3,2,S,反时限过激磁倍数II时限
148,1,16,8,0,1.000,1.700,0.001,3,2,0,反时限过激磁倍数III
148,1,16,9,0,0.0,6000.0,0.1,3,2,S,反时限过激磁倍数III时限
148,1,16,10,0,1.000,1.700,0.001,3,2,0,反时限过激磁倍数IV
148,1,16,11,0,0.0,6000.0,0.1,3,2,S,反时限过激磁倍数IV时限
148,1,16,12,0,1.000,1.700,0.001,3,2,0,反时限过激磁倍数V
148,1,16,13,0,0.0,6000.0,0.1,3,2,S,反时限过激磁倍数V时限
148,1,16,14,0,1.000,1.700,0.001,3,2,0,反时限过激磁倍数VI
148,1,16,15,0,0.0,6000.0,0.1,3,2,S,反时限过激磁倍数VI时限
148,1,16,16,0,1.000,1.700,0.001,3,2,0,反时限过激磁倍数VII
148,1,16,17,0,0.0,6000.0,0.1,3,2,S,反时限过激磁倍数VII时限
148,1,16,18,0,1.000,1.700,0.001,3,2,0,反时限过激磁倍数VIII
148,1,16,19,0,0.0,6000.0,0.1,3,2,S,反时限过激磁倍数VIII时限
148,1,16,20,0,1.000,1.700,0.001,3,2,0,反时限过激磁下限倍数
148,1,16,21,0,0.0,6000.0,0.1,3,2,S,反时限过激磁下限时限
148,1,16,22,0,0.800,1.200,0.001,3,2,0,过激磁倍数测量转换系数
148,1,16,23,1,0,1,1,3,2,0,定时限过激磁报警投入
148,1,16,24,1,0,1,1,3,2,0,反时限过激磁跳闸投入
148,1,16,25,1,0,1,1,3,2,0,过激磁保护安装侧
149,1,16,1,0,0,65535,1,3,2,A,I侧TA1原边
149,1,16,2,0,0,65535,1,3,2,A,I侧TA2原边
149,1,16,3,0,0,65535,1,3,2,A,II侧TA3原边
149,1,16,4,0,0,65535,1,3,2,A,II侧TA4原边
149,1,16,5,0,0,65535,1,3,2,A,III侧TA5原边
149,1,16,6,0,0,65535,1,3,2,A,公共绕组TA6原边
149,1,16,7,0,0.10,1.50,0.01,3,2,Ie,差动起动电流
149,1,16,8,0,2.00,14.00,0.01,3,2,Ie,差动速断电流
149,1,16,9,0,0.10,1.50,0.01,3,2,Ie,TA报警差流定值
149,1,16,10,0,0.10,1.50,0.01,3,2,In,零差起动电流
149,1,16,11,1,0,1,1,3,2,,涌流闭锁方式控制字
149,1,16,12,1,0,1,1,3,2,,主保护跳闸投入
149,1,16,13,1,0,1,1,3,2,,主保护跳I侧开关
149,1,16,14,1,0,1,1,3,2,,主保护跳II侧开关
149,1,16,15,1,0,1,1,3,2,,主保护跳III侧开关
149,1,16,16,1,0,1,1,3,2,,主保护跳I侧母联
149,1,16,17,1,0,1,1,3,2,,主保护跳II侧母联
149,1,16,18,1,0,1,1,3,2,,主保护跳备用3
149,1,16,19,1,0,1,1,3,2,,主保护跳备用1
149,1,16,20,1,0,1,1,3,2,,主保护跳备用2
149,1,16,21,1,0,1,1,3,2,,差动速断投入
149,1,16,22,1,0,1,1,3,2,,比率差动投入
149,1,16,23,1,0,1,1,3,2,,零序比率差动投入
149,1,16,24,1,0,1,1,3,2,,工频变化量差动保护投入
[KG_SETs]
[DI_CHANGE]
57,195,投差动保护
58,195,投零序差动保护
59,195,投I侧相间后备保护
60,195,投I侧接地零序保护
64,195,投II侧相间后备保护
65,195,投II侧接地零序保护
72,195,投公共绕组后备保护
74,195,III侧电压退出
75,195,II侧电压退出
76,195,I侧电压退出
216,195,投过激磁保护
77,195,管理板差动起动
78,195,管理板工频变化量差动起动
79,195,管理板零序差动起动
80,195,管理板I侧后备保护起动
83,195,管理板II侧后备保护起动
84,195,管理板III侧后备保护起动
86,195,管理板公共绕组后备保护起动
183,195,管理板反时限过激起动
68,197,投检修态
94,197,外部电量跳闸输入1
95,197,外部电量跳闸输入2
159,197,I侧零序反时限计时起动
160,197,公共绕组零序反时限计时起动
162,197,反时限过激计时起动
168,197,II侧零序反时限计时起动
233,201,投III侧后备保护
61,195,差动速断
62,195,比率差动
87,195,零序差动速断
88,195,I侧过流I段第一时限
94,195,I侧零序过流I段第一时限
102,195,公共绕组零序过流
104,195,II侧过流I段第一时限
106,195,零序比例差动
107,195,工频变化量差动
112,195,II侧零序过流I段第一时限
130,195,I侧开关跳闸
131,195,II侧开关跳闸
132,195,III侧开关跳闸
134,195,I侧母联开关跳闸
135,195,II侧母联开关跳闸
188,195,III侧过流I段第一时限
190,195,III侧过流II段第一时限
191,195,III侧过流II段第二时限
199,195,I侧相间阻抗I段第一时限
203,195,I侧相间阻抗II段第一时限
205,195,II侧相间阻抗I段第一时限
206,195,II侧相间阻抗I段第二时限
207,195,II侧相间阻抗II段第一时限
210,195,反时限过激磁
61,197,I侧接地阻抗II段第一时限
63,197,I侧接地阻抗I段第一时限
65,197,II侧接地阻抗II段第一时限
66,197,II侧接地阻抗I段第二时限
67,197,II侧接地阻抗I段第一时限
96,197,备用跳闸1
97,197,备用跳闸2
149,197,备用跳闸3
163,197,公共绕组零序反时限
164,197,I侧零序反时限
169,197,II侧零序反时限
69,195,I侧A相跳闸
70,195,I侧B相跳闸
71,195,I侧C相跳闸
137,195,II侧A相跳闸
138,195,II侧B相跳闸
139,195,II侧C相跳闸
140,195,III侧A相跳闸
141,195,III侧B相跳闸
142,195,III侧C相跳闸
146,195,差动A相跳闸
147,195,差动B相跳闸
148,195,差动C相跳闸
[ACC]
64,IACD1,A,0,A
65,IBCD1,B,0,A
66,ICCD1,C,0,A
67,IA1',A,0,A
68,IB1',B,0,A
69,IC1',C,0,A
70,IA2',A,0,A
71,IB2',B,0,A
72,IC2',C,0,A
73,IA3',A,0,A
74,IB3',B,0,A
75,IC3',C,0,A
76,IA4',A,0,A
77,IB4',B,0,A
78,IC4',C,0,A
79,IA5',A,0,A
80,IB5',B,0,A
81,IC5',C,0,A
82,IAH,A,0,A
83,IBH,B,0,A
84,ICH,C,0,A
85,I012,0,0,A
86,I0H,0,0,A
87,UAH,A,0,V
88,UBH,B,0,V
89,UCH,C,0,V
90,U0H,0,0,V
91,IAM,A,0,A
92,IBM,B,0,A
93,ICM,C,0,A
94,I034,0,0,A
95,I0M,0,0,A
96,UAM,A,0,V
97,UBM,B,0,V
98,UCM,C,0,V
99,U0M,0,0,V
100,IA5,A,0,A
101,IB5,B,0,A
102,IC5,C,0,A
103,IAL,A,0,A
104,IBL,B,0,A
105,ICL,C,0,A
106,UAL,A,0,V
107,UBL,B,0,V
108,UCL,C,0,V
109,U2L,C,0,V
110,U0GL,0,0,V
111,I0CD2,C,0,A
112,I01'',0,0,A
113,I02'',0,0,A
114,I03'',0,0,A
115,I04'',0,0,A
116,I0CW'',C,0,A
117,IACW,A,0,A
118,IBCW,B,0,A
119,ICCW,C,0,A
120,I0CW,C,0,A
121,I0GCW,C,0,A
[EVENT]
176,1,1,17,61,1,I侧接地阻抗II段第一时限
176,2,1,17,63,1,I侧接地阻抗I段第一时限
176,3,1,17,65,1,II侧接地阻抗II段第一时限
176,4,1,17,66,1,II侧接地阻抗I段第二时限
176,5,1,17,67,1,II侧接地阻抗I段第一时限
176,6,1,17,163,1,公共绕组零序反时限
176,7,1,17,164,1,I侧零序反时限
176,8,1,17,169,1,II侧零序反时限
177,1,1,13,61,1,差动速断
177,2,1,13,62,1,比率差动
177,3,1,13,87,1,零序差动速断
177,4,1,13,88,1,I侧过流I段第一时限
177,5,1,13,94,1,I侧零序过流I段第一时限
177,6,1,13,102,1,公共绕组零序过流
177,7,1,13,104,1,II侧过流I段第一时限
177,8,1,13,106,1,零序比率差动
177,9,1,13,107,1,工频变化量差动
177,10,1,13,112,1,II侧零序过流I段第一时限
177,11,1,13,188,1,III侧过流I段第一时限
177,12,1,13,190,1,III侧过流II段第一时限
177,13,1,13,191,1,III侧过流II段第二时限
177,14,1,13,199,1,I侧相间阻抗I段第一时限
177,15,1,13,203,1,I侧相间阻抗II段第一时限
177,16,1,13,205,1,II侧相间阻抗I段第一时限
177,17,1,13,206,1,II侧相间阻抗I段第二时限
177,18,1,13,207,1,II侧相间阻抗II段第一时限
177,19,1,13,210,1,反时限过激磁
177,20,1,13,69,1,I侧A相跳闸
177,21,1,13,70,1,I侧B相跳闸
177,22,1,13,71,1,I侧C相跳闸
177,23,1,13,137,1,II侧A相跳闸
177,24,1,13,138,1,II侧B相跳闸
177,25,1,13,139,1,II侧C相跳闸
177,26,1,13,140,1,III侧A相跳闸
177,27,1,13,141,1,III侧B相跳闸
177,28,1,13,142,1,III侧C相跳闸
177,29,1,13,146,1,差动A相跳闸
177,30,1,13,147,1,差动B相跳闸
177,31,1,13,148,1,差动C相跳闸
[FAULT_PARA]
[POW]
[SET_GRP]
149,定值
148,定值
147,定值
146,定值
145,定值
144,定值
[GROUPINFO]
0,15,扰动数据说明
0,3,定值
0,4,定值
0,5,定值
0,6,定值
0,7,定值
0,8,定值
0,12,硬压板
0,14,运行告警
0,13,动作元件
0,25,定值区号
0,26,保护测量
0,30,硬压板
0,16,硬压板
0,18,运行告警
0,17,动作元件
0,36,运行告警
[IED_INFO]
OSC_TYPE,2
