[base]
code = 广东,2010-03-08 15:29,刘海宁,PSL-641,工具召唤,实验室,实验室验证,
name = 南自以太网103接入规约
doc version = v1.20
tool = 1326 config tool
tool version = v1.10
last modified datetime = 2007-1-9 14:27

DIG=内部组号,内部条目号,偏移,GROUP,ENTRY,SOE标记(备用),s10/11标记(备用),自动复归使能标记,YxType,描述
ANA=内部组号,内部条目号,Ratio1,死区1,偏移,Group,Entry,Min,Max,Unit,描述
CTRL=内部组号,内部条目号,偏移,Group,Entry,描述
SET=内部组号,内部条目号,偏移,Group,Entry
ZONE=内部组号,内部条目号,偏移,Group,Entry
SET_ELEMENT=GROUP,CPU,ZONE,NO,TYPE,MIN/KGBits,MAX,STEP,精度n,精度m,UNIT,描述
KG_SETs=Group,Entry,Cpu,Zone,BitSeqs,Desc
DI_CHANGE=偏移,Fun,Inf,ChannelId
ACC=偏移,AccNo,通道识别符,通道相位特征,被监视的回路元件,通道单位
POW=内部组号,内部条目号,偏移,Group,Entry,描述
EVENT=GROUP,ENTRY,CPU,FUN,INF,TRIGGER,描述
FAULT_PARA=GROUP,ENTRY,CPU,ParaType,精度n,精度m,UNIT,描述
SOFT_CNT_INFO=CPU号,组号,偏移
[DIG]
16,1,0,4,1,1,0,1,1,电流Ⅰ段
16,2,0,4,2,1,0,1,1,电流Ⅱ段
16,3,0,4,3,1,0,1,1,电流Ⅲ段
16,4,0,4,4,1,0,1,1,零流Ⅰ段
16,5,0,4,5,1,0,1,1,零流Ⅱ段
16,6,0,4,6,1,0,1,1,零流Ⅲ段
16,7,0,4,7,1,0,1,1,重合闸
16,8,0,4,8,1,0,1,1,低周减载
16,9,0,4,9,1,0,1,1,过负荷
16,10,0,4,10,1,0,1,1,选跳开入
16,11,0,4,11,1,0,1,1,电流加速段
16,12,0,4,12,1,0,1,1,零序加速段
16,13,0,4,13,1,0,1,1,保护启动
16,14,0,4,14,1,0,1,1,电流反时限
16,15,0,4,15,1,0,1,1,零序反时限
16,16,0,4,16,1,0,1,1,低压解列
17,1,0,5,1,1,0,0,4,装置上电
17,2,0,5,2,1,0,0,4,RAM错误
17,3,0,5,3,1,0,0,4,EPROM错误
17,4,0,5,4,1,0,0,4,闪存错误
17,5,0,5,5,1,0,0,4,开出异常
17,6,0,5,6,1,0,0,4,AD错误
17,7,0,5,7,1,0,0,4,零漂越限
17,8,0,5,8,1,0,0,4,无效定值区
17,9,0,5,9,1,0,0,4,定值校验错误
17,10,0,5,10,1,0,0,4,逻辑定值校验错误
17,21,0,5,21,1,0,0,4,电池错误
17,31,0,5,31,1,0,0,4,PT断线
17,32,0,5,32,1,0,0,4,控制回路断线
17,33,0,5,33,1,0,0,4,跳闸失败
17,34,0,5,34,1,0,0,4,重合闸失败
17,35,0,5,35,1,0,0,4,本线路接地!
17,36,0,5,36,1,0,0,4,过负荷告警
17,37,0,5,37,1,0,0,4,接地选跳开入错
18,1,0,8,1,1,0,0,0,闭锁重合
18,2,0,8,2,1,0,0,0,弹簧未储能
18,3,0,8,3,1,0,0,0,备用1
18,4,0,8,4,1,0,0,0,备用2
18,5,0,8,5,1,0,0,0,刀闸1位置
18,6,0,8,6,1,0,0,0,刀闸2位置
18,7,0,8,7,1,0,0,0,刀闸3位置
18,8,0,8,8,1,0,0,0,接地选跳
18,9,0,8,9,1,0,0,0,脉冲P
18,10,0,8,10,1,0,0,0,脉冲Q
18,11,0,8,11,1,0,0,0,远方位置
18,12,0,8,12,1,0,0,0,手动或遥控跳闸
18,13,0,8,13,1,0,0,0,HWJ
18,14,0,8,14,1,0,0,0,运行设置
18,15,0,8,15,1,0,0,0,空
18,16,0,8,16,1,0,0,0,TWJ
18,17,0,8,17,1,0,0,0,开出反馈
18,18,0,8,18,1,0,0,0,GPS
18,19,0,8,19,1,0,0,0,控制回路断线
18,20,0,8,20,1,0,0,0,事故总
18,21,0,8,21,1,0,0,0,告警总
19,1,0,14,1,1,0,0,2,电流Ⅰ段
19,2,0,14,2,1,0,0,2,电流Ⅱ段
19,3,0,14,3,1,0,0,2,电流Ⅲ段
19,4,0,14,4,1,0,0,2,零序Ⅰ段
19,5,0,14,5,1,0,0,2,零序Ⅱ段
19,6,0,14,6,1,0,0,2,零序Ⅲ段
19,7,0,14,7,1,0,0,2,加速
19,8,0,14,8,1,0,0,2,过负荷
19,9,0,14,9,1,0,0,2,低周减载
19,10,0,14,10,1,0,0,2,重合投入
20,3,0,18,3,1,0,0,0,启动
20,4,0,18,4,1,0,0,0,跳闸
20,5,0,18,5,1,0,0,0,合闸
255,255,0,0,0,1,0,0,5,通讯状态
[ANA]
64,1,21.9691,0.001,0,6,1,0,0,A,Ia
64,2,21.9691,0.001,0,6,2,0,0,A,Ib
64,3,21.9691,0.001,0,6,3,0,0,A,Ic
64,4,21.9691,0.001,0,6,4,0,0,A,3I0
64,5,128.125,0.001,0,6,5,0,0,V,Ua
64,6,128.125,0.001,0,6,6,0,0,V,Ub
64,7,128.125,0.001,0,6,7,0,0,V,Uc
64,8,128.125,0.001,0,6,8,0,0,V,Ux
64,9,6.5684,0.001,0,6,9,0,0,A,CI0
65,1,12.0029,0.001,0,7,1,0,0,A,测量Ia
65,2,12.0029,0.001,0,7,2,0,0,A,测量Ib
65,3,12.0029,0.001,0,7,3,0,0,A,测量Ic
65,4,240.059,0.001,0,7,4,0,0,A,测量Ua
65,5,240.059,0.001,0,7,5,0,0,V,测量Ub
65,6,240.059,0.001,0,7,6,0,0,V,测量Uc
65,7,4324.02,0.001,0,7,7,0,0,V,P
65,8,4324.02,0.001,0,7,8,0,0,V,Q
65,9,2.00049,0.001,0,7,9,0,0,A,COSΦ
65,10,128,0.001,0,7,10,0,0,,F
[CTRL]
128,1,0,11,1,保护操作
128,2,0,11,2,遥控操作
128,3,0,11,3,备用A
128,4,0,11,4,备用B
[SET]
144,0,0,2,0
145,0,0,3,0
[ZONE]
208,0,0,3,0
209,0,0,3,0
210,0,0,2,0
211,0,0,2,0
[SET_ELEMENT]
144,1,0,1,1,0,65535,1,5,0,,控制字一…………
144,1,0,2,1,0,65535,1,5,0,,控制字二…………
144,1,0,3,1,0,0,0,3,2,A,电流Ⅰ段…………
144,1,0,4,1,0,0,0,3,2,A,电流Ⅱ段…………
144,1,0,5,1,0,0,0,3,2,A,电流Ⅲ段…………
144,1,0,6,1,0,0,0,3,2,S,电流Ⅰ段时间……
144,1,0,7,1,0,0,0,3,2,S,电流Ⅱ段时间……
144,1,0,8,1,0,0,0,3,2,S,电流Ⅲ段时间……
144,1,0,9,1,0,0,0,3,2,A,零序Ⅰ段电流……
144,1,0,10,1,0,0,0,3,2,A,零序Ⅱ段电流……
144,1,0,11,1,0,0,0,3,2,A,零序Ⅲ段电流……
144,1,0,12,1,0,0,0,3,2,S,零序Ⅰ段时间……
144,1,0,13,1,0,0,0,3,2,S,零序Ⅱ段时间……
144,1,0,14,1,0,0,0,3,2,S,零序Ⅲ段时间……
144,1,0,15,1,0,0,0,3,2,A,电流加速段………
144,1,0,16,1,0,0,0,3,2,S,电流加速段时间…
144,1,0,17,1,0,0,0,3,2,A,零序加速段………
144,1,0,18,1,0,0,0,3,2,S,零序加速段时间…
144,1,0,19,1,0,0,0,3,2,V,电流保护闭锁电压
144,1,0,20,1,0,0,0,3,2,A,电流反时限基准…
144,1,0,21,1,0,0,0,3,2,S,电流反时限时间…
144,1,0,22,1,0,0,0,3,2,A,零序反时限基准…
144,1,0,23,1,0,0,0,3,2,S,零序反时限时间…
144,1,0,24,1,0,0,0,3,2,,反时限指数………
144,1,0,25,1,0,0,0,3,2,A,过负荷电流………
144,1,0,26,1,0,0,0,3,2,S,过负荷告警时间…
144,1,0,27,1,0,0,0,3,2,S,过负荷跳闸时间…
144,1,0,28,1,0,0,0,3,2,度,重合闸检同期定值
144,1,0,29,1,0,0,0,3,2,S,重合闸时间………
144,1,0,30,1,0,0,0,3,2,Hz,低周减载频率……
144,1,0,31,1,0,0,0,3,2,S,低周减载时间……
144,1,0,32,1,0,0,0,3,2,V,低周减载闭锁电压
144,1,0,33,1,0,0,0,3,2,Hz/S,低周减载闭锁滑差
144,1,0,34,1,0,0,0,3,2,V,低压解列电压……
144,1,0,35,1,0,0,0,3,2,S,低压解列时间……
144,1,0,36,1,0,0,0,3,2,V/S,闭锁电压变化率…
144,1,0,37,1,0,0,0,3,2,,ＣＴ变比…………
144,1,0,38,1,0,0,0,3,2,,ＰＴ变比…………
144,1,0,39,1,0,0,0,3,2,V,准同期电压差闭锁
144,1,0,40,1,0,0,0,3,2,Hz,频率差闭锁定值…
144,1,0,41,1,0,0,0,3,2,Hz/S,准同期加速度闭锁
144,1,0,42,1,0,0,0,3,2,S,合闸导前时间……
144,1,0,43,1,0,0,0,3,2,度,导前角度定值……
144,1,0,44,1,0,0,0,3,2,S,二次重合时间……
145,1,0,1,1,0,65535,1,5,0,,控制字一…………
145,1,0,2,1,0,65535,1,5,0,,控制字二…………
145,1,0,3,1,0,0,0,3,2,A,电流Ⅰ段…………
145,1,0,4,1,0,0,0,3,2,A,电流Ⅱ段…………
145,1,0,5,1,0,0,0,3,2,A,电流Ⅲ段…………
145,1,0,6,1,0,0,0,3,2,S,电流Ⅰ段时间……
145,1,0,7,1,0,0,0,3,2,S,电流Ⅱ段时间……
145,1,0,8,1,0,0,0,3,2,S,电流Ⅲ段时间……
145,1,0,9,1,0,0,0,3,2,A,零序Ⅰ段电流……
145,1,0,10,1,0,0,0,3,2,A,零序Ⅱ段电流……
145,1,0,11,1,0,0,0,3,2,A,零序Ⅲ段电流……
145,1,0,12,1,0,0,0,3,2,S,零序Ⅰ段时间……
145,1,0,13,1,0,0,0,3,2,S,零序Ⅱ段时间……
145,1,0,14,1,0,0,0,3,2,S,零序Ⅲ段时间……
145,1,0,15,1,0,0,0,3,2,A,电流加速段………
145,1,0,16,1,0,0,0,3,2,S,电流加速段时间…
145,1,0,17,1,0,0,0,3,2,A,零序加速段………
145,1,0,18,1,0,0,0,3,2,S,零序加速段时间…
145,1,0,19,1,0,0,0,3,2,V,电流保护闭锁电压
145,1,0,20,1,0,0,0,3,2,A,电流反时限基准…
145,1,0,21,1,0,0,0,3,2,S,电流反时限时间…
145,1,0,22,1,0,0,0,3,2,A,零序反时限基准…
145,1,0,23,1,0,0,0,3,2,S,零序反时限时间…
145,1,0,24,1,0,0,0,3,2,,反时限指数………
145,1,0,25,1,0,0,0,3,2,A,过负荷电流………
145,1,0,26,1,0,0,0,3,2,S,过负荷告警时间…
145,1,0,27,1,0,0,0,3,2,S,过负荷跳闸时间…
145,1,0,28,1,0,0,0,3,2,度,重合闸检同期定值
145,1,0,29,1,0,0,0,3,2,S,重合闸时间………
145,1,0,30,1,0,0,0,3,2,Hz,低周减载频率……
145,1,0,31,1,0,0,0,3,2,S,低周减载时间……
145,1,0,32,1,0,0,0,3,2,V,低周减载闭锁电压
145,1,0,33,1,0,0,0,3,2,Hz/S,低周减载闭锁滑差
145,1,0,34,1,0,0,0,3,2,V,低压解列电压……
145,1,0,35,1,0,0,0,3,2,S,低压解列时间……
145,1,0,36,1,0,0,0,3,2,V/S,闭锁电压变化率…
145,1,0,37,1,0,0,0,3,2,,ＣＴ变比…………
145,1,0,38,1,0,0,0,3,2,,ＰＴ变比…………
145,1,0,39,1,0,0,0,3,2,V,准同期电压差闭锁
145,1,0,40,1,0,0,0,3,2,Hz,频率差闭锁定值…
145,1,0,41,1,0,0,0,3,2,Hz/S,准同期加速度闭锁
145,1,0,42,1,0,0,0,3,2,S,合闸导前时间……
145,1,0,43,1,0,0,0,3,2,度,导前角度定值……
145,1,0,44,1,0,0,0,3,2,S,二次重合时间……
[KG_SETs]
[DI_CHANGE]
0,17,1,跳位
0,17,2,合位
0,17,3,启动
0,17,4,跳闸
0,17,5,合闸
[ACC]
0,1,Ia,A,0,其他
0,2,Ib,A,0,其他
0,3,Ic,A,0,其他
0,4,3I0,A,0,其他
0,5,Ua,A,0,其他
0,6,Ub,A,0,其他
0,7,Uc,A,0,其他
0,8,Ux,A,0,其他
0,9,CI0,A,0,其他
[POW]
96,1,0,10,1,脉冲P
96,2,0,10,2,脉冲Q
96,3,0,10,3,+KWh
96,4,0,10,4,+KVR
96,5,0,10,5,-KWh
96,6,0,10,6,-KVR
[EVENT]
176,1,0,4,1,0,电流Ⅰ段
176,2,0,4,2,0,电流Ⅱ段
176,3,0,4,3,0,电流Ⅲ段
176,4,0,4,4,0,零流Ⅰ段
176,5,0,4,5,0,零流Ⅱ段
176,6,0,4,6,0,零流Ⅲ段
176,7,0,4,7,0,重合闸
176,8,0,4,8,0,低周减载
176,9,0,4,9,0,过负荷
176,10,0,4,10,0,选跳开入
176,11,0,4,11,0,电流加速段
176,12,0,4,12,0,零序加速段
176,13,0,4,13,0,保护启动
176,14,0,4,14,0,电流反时限
176,15,0,4,15,0,零序反时限
176,16,0,4,16,0,低压解列
[FAULT_PARA]
224,1,1,1,4,3,无,相位
224,2,1,2,4,3,km,测距
224,3,1,3,4,3,Ω,阻抗
224,4,1,4,4,3,Ω,测距阻抗
224,5,1,5,4,3,A,最大相电流
224,6,1,6,4,3,A,最小相电流
224,7,1,7,4,3,A,零序电流
224,8,1,8,4,3,A,正序电流
224,9,1,9,4,3,A,负序电流
224,10,1,A,4,3,A,差动电流
224,11,1,B,4,3,A,制动电流
224,12,1,C,4,3,A,高侧零流
224,13,1,D,4,3,A,低侧零流
224,14,1,E,4,3,A,不平衡电流
224,15,1,F,4,3,A,输入电流1
224,16,1,10,4,3,A,输入电流2
224,17,1,11,4,3,A,输入电流3
224,18,1,12,4,3,A,输入电流4
224,19,1,13,4,3,A,输入电流5
224,20,1,14,4,3,V,最大相电压
224,21,1,15,4,3,V,最小相电压
224,22,1,16,4,3,V,最大线电压
224,23,1,17,4,3,V,最小线电压
224,24,1,18,4,3,V,抽取电压
224,25,1,19,4,3,V,零序电压
224,26,1,1A,4,3,V,不平衡电压
224,27,1,1B,4,3,V,II段母线负序电压
224,28,1,1C,4,3,V,I段母线负序电压
224,29,1,1D,4,3,V,线路1AB相间电压
224,30,1,1E,4,3,V,线路1BC相间电压
224,31,1,1F,4,3,V,线路1CA相间电压
224,32,1,20,4,3,V,线路2AB相间电压
224,33,1,21,4,3,V,线路2BC相间电压
224,34,1,22,4,3,V,线路2CA相间电压
224,35,1,23,4,3,V,进线1抽取电压
224,36,1,24,4,3,V,进线2抽取电压
224,37,1,25,4,3,Hz,频率
224,38,1,26,4,3,,备用38
224,39,1,27,4,3,,备用39
224,40,1,28,4,3,A,A相电流
224,41,1,29,4,3,A,B相电流
224,42,1,2A,4,3,A,C相电流
224,43,1,2B,4,3,,A相电流角度
224,44,1,2C,4,3,,B相电流角度
224,45,1,2D,4,3,,C相电流角度
224,46,1,2E,4,3,V,A相电压值
224,47,1,2F,4,3,V,B相电压值
224,48,1,30,4,3,V,C相电压值
224,49,1,31,4,3,,A相电压角度
224,50,1,32,4,3,,B相电压角度
224,51,1,33,4,3,,C相电压角度
224,52,1,34,4,3,V,正序电压
224,53,1,35,4,3,V,负序电压
224,54,1,36,4,3,A,本侧A相电流
224,55,1,37,4,3,A,本侧B相电流
224,56,1,38,4,3,A,本侧C相电流
224,57,1,39,4,3,A,对侧A相电流
224,58,1,3A,4,3,A,对侧B相电流
224,59,1,3B,4,3,A,对侧C相电流
[SOFT_CNT_INFO]
[GROUPINFO]
0,10,电量
0,3,定值
0,2,定值(备用)
0,13,遥调
0,11,遥控开关
0,7,远动测量
0,6,保护测量
0,14,软压板
0,8,遥信(不带时标)
0,5,告警
0,4,动作
0,16,模拟量通道
0,17,开关量通道
0,18,带时标的状态信息
[SET_GRP]
145,定值
144,定值(备用)
