[base]
code = 广东,2010-01-28,张龙,,,,,
name = 南瑞以太网103接入规约
doc version = V1.20
tool = 1326 config tool
tool version = V1.10bata
last modified datetime = 2007-4-10 13:13

DIG=内部组号,内部条目号,FUN,INF,SOE标记,s10/11标记,复归模式,事件使能,YxType,描述
ANA=内部组号,内部条目号,Ratio,死区,Group,Entry,Min,Max,Unit,描述
CTRL=内部组号,内部条目号,Group,Entry,描述
SET=内部组号,内部条目号,Group,Entry
ZONE=内部组号,内部条目号,Group,Entry
SET_ELEMENT=GROUP,CPU,ZONE,NO,TYPE,MIN/KGBits,MAX,STEP,精度n,精度m,UNIT,描述
KG_SETs=Group,Entry,Cpu,Zone,BitSeqs,Desc
DI_CHANGE=Fun,Inf,ChannelId
ACC=AccNo,通道识别符,通道相位特征,被监视的回路元件,通道单位
EVENT=GROUP,ENTRY,CPU,FUN,INF,TRIGGER,描述
FAULT_PARA=GROUP,ENTRY,CPU,ParaType,精度n,精度m,UNIT,描述
POW=内部组号,内部条目号,Group,Entry,描述
[DIG]
16,1,13,128,1,0,0,0,1,重合闸动作
16,2,13,119,1,0,0,0,1,跟跳
16,3,13,115,1,0,0,0,1,两相联跳三相
16,4,13,116,1,0,0,0,1,三相跟跳
16,5,13,108,1,0,0,0,1,不一致动作
16,6,13,247,1,0,0,0,1,失灵跳本开关
16,7,13,127,1,0,0,0,1,失灵动作
16,8,13,98,1,0,0,0,1,沟通三跳
16,9,13,59,1,0,0,0,1,充电保护Ⅰ段
16,10,13,60,1,0,0,0,1,充电保护Ⅱ段
16,11,13,118,1,0,0,0,1,死区保护
16,12,13,99,1,0,0,0,1,后合跳闸
16,13,13,47,1,0,0,0,1,跳A
16,14,13,48,1,0,0,0,1,跳B
16,15,13,49,1,0,0,0,1,跳C
16,16,13,190,1,0,0,0,1,起动
17,1,14,194,1,0,0,0,4,存储器出错
17,2,14,195,1,0,0,0,4,程序出错
17,3,14,196,1,0,0,0,4,定值出错
17,4,14,246,1,0,0,0,4,该区定值无效
17,5,14,197,1,0,0,0,4,DSP电压异常
17,6,14,189,1,0,0,0,4,零序长期起动
17,7,14,214,1,0,0,0,4,装置长期起动
17,8,14,212,1,0,0,0,4,跳合出口异常
17,9,14,222,1,0,0,0,4,定值校验出错
17,10,14,245,1,0,0,0,4,主电源异常
17,11,14,202,1,0,0,0,4,光耦电源异常
17,12,14,162,1,0,0,0,4,交流TV断线
17,13,14,210,1,0,0,0,4,TWJ异常
17,14,14,248,1,0,0,0,4,外部跳闸异常
17,15,14,163,1,0,0,0,4,同期TV断线
18,1,6,1,1,0,0,0,1,投充电保护压板
18,2,6,2,1,0,0,0,1,投先合压板
18,3,6,3,1,0,0,0,1,投闭重压板
19,1,12,3,1,0,0,0,0,投充电保护
19,2,12,26,1,0,0,0,0,先合投入
19,3,12,24,1,0,0,0,0,重合闸方式1
19,4,12,25,1,0,0,0,0,重合闸方式2
19,5,12,23,1,0,0,0,0,闭锁重合闸
19,6,12,151,1,0,0,0,0,闭锁先合开入
19,7,12,21,1,0,0,0,0,发变三跳开入
19,8,12,20,1,0,0,0,0,线路三跳开入
19,9,12,17,1,0,0,0,0,A相跳闸开入
19,10,12,18,1,0,0,0,0,B相跳闸开入
19,11,12,19,1,0,0,0,0,C相跳闸开入
19,12,12,14,1,0,0,0,0,A相跳闸位置
19,13,12,15,1,0,0,0,0,B相跳闸位置
19,14,12,16,1,0,0,0,0,C相跳闸位置
19,15,12,22,1,0,0,0,0,合闸压力降低
19,16,12,184,1,0,0,0,0,投充电保护S
19,17,12,155,1,0,0,0,0,投先合压板S
19,18,12,159,1,0,0,0,0,投闭重压板S
255,255,0,0,1,0,0,0,5,通信状态
[ANA]
64,1,1,0.01,9,1,0,100,V,A相电压
64,2,1,0.01,9,2,0,100,V,B相电压
64,3,1,0.01,9,3,0,100,V,C相电压
64,4,1,0.01,9,4,0,100,V,同期电压
64,5,1,0.01,9,5,0,100,A,A相电流
64,6,1,0.01,9,6,0,100,A,B相电流
64,7,1,0.01,9,7,0,100,A,C相电流
64,8,1,0.01,9,8,0,100,A,零序电流
[CTRL]
[SET]
144,0,3,0
[ZONE]
208,0,2,0
[SET_ELEMENT]
144,1,16,1,0,0,0.5,0.01,3,2,A,电流变化量起动值
144,1,16,2,0,0,0.5,0.01,3,2,A,零序起动电流
144,1,16,3,0,0,20,0.01,3,2,A,失灵保护高定值
144,1,16,4,0,0,20,0.01,3,2,A,失灵保护低定值
144,1,16,5,0,0,20,0.01,3,2,A,失灵保护零序定值
144,1,16,6,0,0,90,0.01,3,2,°,低功率因素角定值
144,1,16,7,0,0,20,0.01,3,2,A,低功率因素过流值
144,1,16,8,0,0,20,0.01,3,2,A,负序过流定值
144,1,16,9,0,0,10,0.01,3,2,S,失灵跳本开关时间
144,1,16,10,0,0,10,0.01,3,2,S,失灵动作时间
144,1,16,11,0,0,20,0.01,3,2,A,不一致零序过流值
144,1,16,12,0,0,20,0.01,3,2,A,不一致负序过流值
144,1,16,13,0,0,20,0.01,3,2,S,不一致时间定值
144,1,16,14,0,0,20,0.01,3,2,A,死区保护过流定值
144,1,16,15,0,0,10,0.01,3,2,S,死区保护时间定值
144,1,16,16,0,0,20,0.01,3,2,A,充电保护过流Ⅰ段
144,1,16,17,0,0,10,0.01,3,2,S,充电Ⅰ段时间定值
144,1,16,18,0,0,20,0.01,3,2,A,充电保护过流Ⅱ段
144,1,16,19,0,0,10,0.01,3,2,S,充电Ⅱ段时间定值
144,1,16,20,0,0,10,0.01,3,2,S,后合重合延时定值
144,1,16,21,0,0,10,0.01,3,2,S,后合跳闸延时定值
144,1,16,22,0,0,10,0.01,3,2,S,单相重合闸时间
144,1,16,23,0,0,10,0.01,3,2,S,三相重合闸时间
144,1,16,24,0,0,90,1,3,2,°,同期合闸角
144,1,16,25,1,0,65535,1,6,0,,断路器编号
144,1,16,26,1,0,1,1,0,0,,投失灵保护
144,1,16,27,1,0,1,1,0,0,,单跳经零序失灵
144,1,16,28,1,0,1,1,0,0,,低COS发变失灵
144,1,16,29,1,0,1,1,0,0,,经零序发变失灵
144,1,16,30,1,0,1,1,0,0,,经负序发变失灵
144,1,16,31,1,0,1,1,0,0,,投跟跳本开关
144,1,16,32,1,0,1,1,0,0,,投不一致保护
144,1,16,33,1,0,1,1,0,0,,不一致经零负序
144,1,16,34,1,0,1,1,0,0,,投死区保护
144,1,16,35,1,0,1,1,0,0,,投充电保护Ⅰ段
144,1,16,36,1,0,1,1,0,0,,投充电保护Ⅱ段
144,1,16,37,1,0,1,1,0,0,,投重合闸
144,1,16,38,1,0,1,1,0,0,,投检同期方式
144,1,16,39,1,0,1,1,0,0,,投检无压方式
144,1,16,40,1,0,1,1,0,0,,投重合闸不检
144,1,16,41,1,0,1,1,0,0,,投未充电沟三跳
144,1,16,42,1,0,1,1,0,0,,投TWJ启动单重
144,1,16,43,1,0,1,1,0,0,,投TWJ启动三重
144,1,16,44,1,0,1,1,0,0,,后合检线路有压
144,1,16,45,1,0,1,1,0,0,,后合固定
144,1,16,46,1,0,1,1,0,0,,发电厂侧
144,1,16,47,1,0,1,1,0,0,,内重合把手有效
144,1,16,48,1,0,1,1,0,0,,投单重方式
144,1,16,49,1,0,1,1,0,0,,投三重方式
144,1,16,50,1,0,1,1,0,0,,投综重方式
[KG_SETs]
[DI_CHANGE]
184,128,重合闸动作
184,119,跟跳
184,115,两相联跳三相
184,116,三相跟跳
184,108,不一致动作
184,247,失灵跳本开关
184,127,失灵动作
184,98,沟通三跳
184,59,充电保护Ⅰ段
184,60,充电保护Ⅱ段
184,18,死区保护
184,99,后合跳闸
184,47,跳A
184,48,跳B
184,49,跳C
184,190,起动
184,3,投充电保护
184,26,先合投入
184,24,重合闸方式1
184,25,重合闸方式2
184,23,闭锁重合闸
184,151,闭锁先合开入
184,21,发变三跳开入
184,20,线路三跳开入
184,17,A相跳闸开入
184,18,B相跳闸开入
184,19,C相跳闸开入
184,14,A相跳闸位置
184,15,B相跳闸位置
184,16,C相跳闸位置
184,22,合闸压力降低
184,184,投充电保护S
184,155,投先合压板S
184,159,投闭重压板S
[ACC]
1,Ia,A,0,A
2,Ib,B,0,A
3,Ic,C,0,A
4,3I0,N,0,A
5,Ua,A,0,V
6,Ub,B,0,V
7,Uc,C,0,V
8,3U0,N,0,V
[EVENT]
176,1,1,13,128,1,重合闸动作
176,2,1,13,119,1,跟跳
176,3,1,13,115,1,两相联跳三相
176,4,1,13,116,1,三相跟跳
176,5,1,13,108,1,不一致动作
176,6,1,13,247,1,失灵跳本开关
176,7,1,13,127,1,失灵动作
176,8,1,13,98,1,沟通三跳
176,9,1,13,59,1,充电保护Ⅰ段
176,10,1,13,60,1,充电保护Ⅱ段
176,11,1,13,118,1,死区保护
176,12,1,13,99,1,后合跳闸
176,13,1,13,47,1,跳A
176,14,1,13,48,1,跳B
176,15,1,13,49,1,跳C
176,16,1,13,190,1,起动
178,1,1,6,1,1,投充电保护压板
178,2,1,6,2,1,投先合压板
178,3,1,6,3,1,投闭重压板
[FAULT_PARA]
[POW]
[SET_GRP]
144,定值
[GROUPINFO]
3,15,扰动数据说明
3,2,定值区号
3,3,定值
3,9,保护测量
3,12,硬压板
3,6,软压板
3,14,运行告警
3,13,动作元件
[IED_INFO]
OSC_TYPE,0
