[base]
code = bj,2010-07-12 10:02:40,sifang,,从规约点表中手工形成,,0,,00000000,0
name = 标准串口103接入规约
doc version = V1.20
tool = 1326 config tool
tool version = V1.10bata
last modified datetime = 2007-1-9 14:27

DIG=内部组号,内部条目号,偏移,FUN,INF,SOE标记,s10/11标记,复归模式,事件使能,YxType,描述
ANA=内部组号,内部条目号,Ratio1,死区1,偏移,Group,Entry,Min,Max,Unit,描述
CTRL=内部组号,内部条目号,偏移,Group,Entry,描述
SET=内部组号,内部条目号,偏移,Group,Entry
ZONE=内部组号,内部条目号,偏移,Group,Entry
SET_ELEMENT=GROUP,CPU,ZONE,NO,TYPE,MIN/KGBits,MAX,STEP,精度n,精度m,UNIT,描述
DI_CHANGE=Fun,Inf,APPID,ChannelId
ACC=AccNo,偏移,通道识别符,通道相位特征,被监视的回路元件,通道单位
KG_SETs=Group,Entry,Cpu,Zone,BitSeqs,Desc
POW=内部组号,内部条目号,偏移,Group,Entry,描述
XUJI_FAULT_TYPE=偏移,Group,Entry,备用,保护装置参数上送的编号,故障量类型,故障量名称
ASDU10_REPORT_INF=index,group
DEV_TYPE_SELECT=DEV_TYPE
EVENT=GROUP,ENTRY,CPU,FUN,INF,TRIGGER,描述
FAULT_PARA=GROUP,ENTRY,CPU,ParaType,精度n,精度m,UNIT,描述
SOFT_CNT_INFO=CPU号,组号,偏移
[DIG]
16,1,0,182,00,0,0,0,0,1,综重电流启动
16,2,0,182,01,0,0,0,0,1,综重电流复归
16,3,0,182,02,0,0,0,0,1,综重重合闸启动
16,4,0,182,03,0,0,0,0,1,综重重合闸复归
16,5,0,182,04,0,0,0,0,1,综重重合闸出口
16,6,0,182,05,0,0,0,0,1,综重沟通三跳
16,7,0,182,06,0,0,0,0,1,综重永跳出口
16,8,0,182,07,0,0,0,0,1,综重三跳失败
16,9,0,182,08,0,0,0,0,1,综重永跳失败
16,10,0,182,09,0,0,0,0,1,综重永跳失败返回
16,11,0,182,10,0,0,0,0,1,综重长期不能复归
17,1,0,182,80,0,0,0,0,4,重合闸初始化
17,2,0,182,81,0,0,0,0,4,RAM错误
17,3,0,182,82,0,0,0,0,4,EPROM错误
17,4,0,182,83,0,0,0,0,4,闪存错误
17,5,0,182,84,0,0,0,0,4,EEPROM错误
17,6,0,182,85,0,0,0,0,4,定值区无效
17,7,0,182,86,0,0,0,0,4,定值校验错误
17,8,0,182,87,0,0,0,0,4,开入异常
17,9,0,182,88,0,0,0,0,4,开出异常
17,10,0,182,89,0,0,0,0,4,AD错误
17,11,0,182,90,0,0,0,0,4,内部电源偏低
17,12,0,182,91,0,0,0,0,4,零漂越限
17,13,0,182,92,0,0,0,0,4,PT断线
17,14,0,182,93,0,0,0,0,4,线路PT断线
17,15,0,182,94,0,0,0,0,4,PT三相失压
17,16,0,182,95,0,0,0,0,4,PT反序
17,17,0,182,96,0,0,0,0,4,强制启动动作
17,18,0,182,97,0,0,0,0,4,CT断线
17,19,0,182,98,0,0,0,0,4,CT不平衡
17,20,0,182,99,0,0,0,0,4,CT反序
17,21,0,182,100,0,0,0,0,4,负载不对称
17,22,0,182,101,0,0,0,0,4,跳位继电器异常
17,23,0,182,102,0,0,0,0,4,跳闸反馈异常
17,24,0,182,114,0,0,0,0,4,综重低气压开入
18,1,0,182,176,0,0,0,0,0,A相跳位继电器
18,2,0,182,177,0,0,0,0,0,B相跳位继电器
18,3,0,182,178,0,0,0,0,0,C相跳位继电器
18,4,0,182,179,0,0,0,0,0,A相跳闸反馈
18,5,0,182,180,0,0,0,0,0,B相跳闸反馈
18,6,0,182,181,0,0,0,0,0,C相跳闸反馈
18,7,0,182,182,0,0,0,0,0,三跳反馈
18,8,0,182,183,0,0,0,0,0,永跳反馈
18,9,0,182,184,0,0,0,0,0,重合闸反馈
18,10,0,182,185,0,0,0,0,0,重合闸方式1
18,11,0,182,186,0,0,0,0,0,重合闸方式2
18,12,0,182,187,0,0,0,0,0,GPS对时
18,13,0,182,188,0,0,0,0,0,禁止整组复归
18,14,0,182,189,0,0,0,0,0,单跳启动重合闸
18,15,0,182,190,0,0,0,0,0,三跳启动重合闸
18,16,0,182,191,0,0,0,0,0,闭锁重合闸
18,17,0,182,192,0,0,0,0,0,低气压闭锁重合闸
18,18,0,182,193,0,0,0,0,0,合位后继电器
18,19,0,182,194,0,0,0,0,0,重合闸时间控制
18,20,0,182,195,0,0,0,0,0,事故总信号
18,21,0,182,196,0,0,0,0,0,告警总信号
255,255,0,0,0,0,0,0,0,5,通信状态
[ANA]
64,1,1,0.001,0,1,1,0,100,V,Ua
64,2,1,0.001,0,1,2,0,100,A,Ia
64,3,1,0.001,0,1,3,0,100,V,Ub
64,4,1,0.001,0,1,4,0,100,A,Ib
64,5,1,0.001,0,1,5,0,100,V,Uc
64,6,1,0.001,0,1,6,0,100,A,Ic
[CTRL]
[SET]
144,0,0,4,0
[ZONE]
208,0,0,5,0
[SET_ELEMENT]
144,1,16,1,0,0,100,0.01,3,2,,综重控制字
144,1,16,2,0,0,100,0.01,3,2,A,突变量启动定值
144,1,16,3,0,0,100,0.01,3,2,A,零序电流启动定值
144,1,16,4,0,0,100,0.01,3,2,A,重合闸无压定值
144,1,16,5,0,0,100,0.01,3,2,度,重合闸同期角度
144,1,16,6,0,0,100,0.01,3,2,s,单重长延时
144,1,16,7,0,0,100,0.01,3,2,s,单重短延时
144,1,16,8,0,0,100,0.01,3,2,s,三重长延时
144,1,16,9,0,0,100,0.01,3,2,s,三重短延时
[DI_CHANGE]
182,176,0,A相跳位继电器
182,177,0,B相跳位继电器
182,178,0,C相跳位继电器
182,179,0,A相跳闸
182,180,0,B相跳闸
182,181,0,C相跳闸
182,182,0,三跳
182,183,0,永跳
[ACC]
1,0,Ia,A,0,A
2,0,Ib,B,0,A
3,0,Ic,C,0,A
4,0,3I0,N,0,A
5,0,Ua,A,0,V
6,0,Ub,B,0,V
7,0,Uc,C,0,V
8,0,3U0,N,0,V
9,0,Uxa,A,0,V
10,0,Uxb,B,0,V
11,0,Uxc,C,0,V
[KG_SETs]
[POW]
[XUJI_FAULT_TYPE]
[ASDU10_REPORT_INF]
[DEV_TYPE_SELECT]
DEV_TYPE=0
[EVENT]
176,1,0,182,00,1,综重电流启动
176,2,0,182,01,1,综重电流复归
176,3,0,182,02,1,综重重合闸启动
176,4,0,182,03,1,综重重合闸复归
176,5,0,182,04,1,综重重合闸出口
176,6,0,182,05,1,综重沟通三跳
176,7,0,182,06,1,综重永跳出口
176,8,0,182,07,1,综重三跳失败
176,9,0,182,08,1,综重永跳失败
176,10,0,182,09,1,综重永跳失败返回
176,11,0,182,10,1,综重长期不能复归
[FAULT_PARA]
224,1,1,1,4,3,无,相位
224,2,1,2,4,3,km,测距
224,3,1,3,4,3,Ω,阻抗
224,4,1,4,4,3,Ω,测距阻抗
224,5,1,5,4,3,A,最大相电流
224,6,1,6,4,3,A,最小相电流
224,7,1,7,4,3,A,零序电流
224,8,1,8,4,3,A,正序电流
224,9,1,9,4,3,A,负序电流
224,10,1,A,4,3,A,差动电流
224,11,1,B,4,3,A,制动电流
224,12,1,C,4,3,A,高侧零流
224,13,1,D,4,3,A,低侧零流
224,14,1,E,4,3,A,不平衡电流
224,15,1,F,4,3,A,输入电流1
224,16,1,10,4,3,A,输入电流2
224,17,1,11,4,3,A,输入电流3
224,18,1,12,4,3,A,输入电流4
224,19,1,13,4,3,A,输入电流5
224,20,1,14,4,3,V,最大相电压
224,21,1,15,4,3,V,最小相电压
224,22,1,16,4,3,V,最大线电压
224,23,1,17,4,3,V,最小线电压
224,24,1,18,4,3,V,抽取电压
224,25,1,19,4,3,V,零序电压
224,26,1,1A,4,3,V,不平衡电压
224,27,1,1B,4,3,V,II段母线负序电压
224,28,1,1C,4,3,V,I段母线负序电压
224,29,1,1D,4,3,V,线路1AB相间电压
224,30,1,1E,4,3,V,线路1BC相间电压
224,31,1,1F,4,3,V,线路1CA相间电压
224,32,1,20,4,3,V,线路2AB相间电压
224,33,1,21,4,3,V,线路2BC相间电压
224,34,1,22,4,3,V,线路2CA相间电压
224,35,1,23,4,3,V,进线1抽取电压
224,36,1,24,4,3,V,进线2抽取电压
224,37,1,25,4,3,Hz,频率
224,38,1,26,4,3,,备用38
224,39,1,27,4,3,,备用39
224,40,1,28,4,3,A,A相电流
224,41,1,29,4,3,A,B相电流
224,42,1,2A,4,3,A,C相电流
224,43,1,2B,4,3,,A相电流角度
224,44,1,2C,4,3,,B相电流角度
224,45,1,2D,4,3,,C相电流角度
224,46,1,2E,4,3,V,A相电压值
224,47,1,2F,4,3,V,B相电压值
224,48,1,30,4,3,V,C相电压值
224,49,1,31,4,3,,A相电压角度
224,50,1,32,4,3,,B相电压角度
224,51,1,33,4,3,,C相电压角度
224,52,1,34,4,3,V,正序电压
224,53,1,35,4,3,V,负序电压
224,54,1,36,4,3,A,本侧A相电流
224,55,1,37,4,3,A,本侧B相电流
224,56,1,38,4,3,A,本侧C相电流
224,57,1,39,4,3,A,对侧A相电流
224,58,1,3A,4,3,A,对侧B相电流
224,59,1,3B,4,3,A,对侧C相电流
[SOFT_CNT_INFO]
