[base]
code = 广东,2010-03-08,王建伟,RSC-925A,,试验台,实验室验证,
name = 标准串口103接入规约
doc version = V1.20
tool = 1326 config tool
tool version = V1.10bata
last modified datetime = 2007-1-9 14:27

DIG=内部组号,内部条目号,偏移,FUN,INF,SOE标记,s10/11标记,复归模式,事件使能,YxType,描述
ANA=内部组号,内部条目号,Ratio1,死区1,偏移,Group,Entry,Min,Max,Unit,描述
CTRL=内部组号,内部条目号,偏移,Group,Entry,描述
SET=内部组号,内部条目号,偏移,Group,Entry
ZONE=内部组号,内部条目号,偏移,Group,Entry
SET_ELEMENT=GROUP,CPU,ZONE,NO,TYPE,MIN/KGBits,MAX,STEP,精度n,精度m,UNIT,描述
DI_CHANGE=Fun,Inf,APPID,ChannelId
ACC=AccNo,偏移,通道识别符,通道相位特征,被监视的回路元件,通道单位
KG_SETs=Group,Entry,Cpu,Zone,BitSeqs,Desc
POW=内部组号,内部条目号,偏移,Group,Entry,描述
XUJI_FAULT_TYPE=偏移,Group,Entry,备用,保护装置参数上送的编号,故障量类型,故障量名称
ASDU10_REPORT_INF=index,group
DEV_TYPE_SELECT=DEV_TYPE
EVENT=GROUP,ENTRY,CPU,FUN,INF,TRIGGER,描述
FAULT_PARA=GROUP,ENTRY,CPU,ParaType,精度n,精度m,UNIT,描述
SOFT_CNT_INFO=CPU号,组号,偏移
[DIG]
16,1,0,184,6,1,0,0,0,0,通道Ⅰ投入
16,2,0,184,7,1,0,0,0,0,通道Ⅱ投入
16,3,0,184,123,1,0,0,0,0,投过压保护
16,4,0,184,8,1,0,0,0,0,通道Ⅰ收讯
16,5,0,184,9,1,0,0,0,0,通道Ⅱ收讯
16,6,0,184,11,1,0,0,0,0,通道Ⅰ故障
16,7,0,184,12,1,0,0,0,0,通道Ⅱ故障
16,8,0,184,10,1,0,0,0,0,跳闸位置
16,9,0,184,200,1,0,0,0,0,通道Ⅰ投入S
16,10,0,184,203,1,0,0,0,0,通道Ⅱ投入S
16,11,0,184,207,1,0,0,0,0,投过压保护S
16,12,0,184,249,1,0,0,0,0,投检修状态
16,13,0,184,34,1,1,0,0,1,过电压动作
16,14,0,184,138,1,1,0,0,1,二取二有判据
16,15,0,184,139,1,1,0,0,1,二取一有判据
16,16,0,184,124,1,1,0,0,1,二取二无判据
16,17,0,184,125,1,1,0,0,1,二取一无判据
16,18,0,184,141,1,1,0,0,1,补偿过电压
16,19,0,184,142,1,1,0,0,1,补偿欠电压
16,20,0,184,143,1,1,0,0,1,电流变化量
16,21,0,184,144,1,1,0,0,1,零负序电流
16,22,0,184,145,1,1,0,0,1,低电流
16,23,0,184,146,1,1,0,0,1,功率元件
16,24,0,184,190,1,1,0,0,1,总启动
16,25,0,184,30,1,1,0,0,1,跳闸出口
16,26,0,184,194,1,2,0,0,4,存储器出错
16,27,0,184,195,1,2,0,0,4,程序出错
16,28,0,184,196,1,2,0,0,4,定值出错
16,29,0,184,246,1,2,0,0,4,该区定值无效
16,30,0,184,197,1,2,0,0,4,采样异常
16,31,0,184,189,1,2,0,0,4,零序电流长期起动报警
16,32,0,184,214,1,2,0,0,4,装置长期起动
16,33,0,184,212,1,2,0,0,4,跳合出口异常
16,34,0,184,222,1,2,0,0,4,定值校验出错
16,35,0,184,245,1,2,0,0,4,直流电源异常
16,36,0,184,202,1,2,0,0,4,光耦电源异常
16,37,0,184,162,1,2,0,0,4,TV断线
16,38,0,184,210,1,2,0,0,4,TWJ异常
16,39,0,184,189,1,2,0,0,4,零序长期动作
16,40,0,184,192,1,2,0,0,4,通道告警
255,255,0,0,0,1,0,0,0,5,装置通讯中断
[ANA]
64,1,1,0.01,0,9,1,0,100,V,UA
64,2,1,0.01,0,9,2,0,100,V,UB
64,3,1,0.01,0,9,3,0,100,V,UC
64,4,1,0.01,0,9,4,0,100,A,IA
64,5,1,0.01,0,9,5,0,100,A,IB
64,6,1,0.01,0,9,6,0,100,A,IC
64,7,1,0.01,0,9,7,0,100,A,I0
[CTRL]
[SET]
144,0,0,1,0
145,0,0,3,0
146,0,0,6,0
[ZONE]
208,0,0,5,0
[SET_ELEMENT]
144,1,16,1,0,0,29,1,3,2,无,保护定值区号
144,1,16,2,0,0,254,1,3,2,无,保护装置地址
144,1,16,3,0,4800,38400,1,3,2,bit/s,串口1波特率
144,1,16,4,0,4800,38400,1,3,2,bit/s,串口2波特率
144,1,16,5,0,4800,38400,1,3,2,bit/s,打印波特率
144,1,16,6,0,4800,9600,1,3,2,bit/s,调试波特率
144,1,16,7,0,50,60,1,3,2,Hz,系统频率
144,1,16,8,0,127,655,0.01,3,2,kV,电压一次额定值
144,1,16,9,0,57.73,57.73,0.01,3,2,V,电压二次额定值
144,1,16,10,0,100,65535,1,3,2,A,电流一次额定值
144,1,16,11,0,1,5,1,3,2,A,电流二次额定值
144,1,16,12,0,0,1,1,3,2,asc,厂站名称
144,1,16,13,0,0,1,1,3,2,无,网络打印方式
144,1,16,14,0,0,1,1,3,2,无,自动打印
144,1,16,15,0,0,1,1,3,2,无,规约类型
144,1,16,16,0,0,1,1,3,2,无,分脉冲对时
144,1,16,17,0,0,1,1,3,2,无,远方修改定值
144,1,16,18,0,0,1,1,3,2,无,103规约有INF
145,1,16,1,0,57.7,90,0.01,3,2,V,过电压定值
145,1,16,2,0,57.7,100,0.01,3,2,V,补偿过电压定值
145,1,16,3,0,0.01,57.7,0.01,3,2,V,补偿欠电压定值
145,1,16,4,0,0.05,625/In,0.01,3,2,Ω,线路阻抗值
145,1,16,5,0,40,6250/In,0.01,3,2,Ω,并联电抗值
145,1,16,6,0,40,6250/In,0.01,3,2,Ω,线路正序容抗
145,1,16,7,0,0.1,0.5×In,0.01,3,2,A,电流变化量定值
145,1,16,8,0,0.1,20×In,0.01,3,2,A,零序电流定值
145,1,16,9,0,0.1,20×In,0.01,3,2,A,负序电流定值
145,1,16,10,0,30,89,1,3,2,度,低功率因素角
145,1,16,11,0,0,90,0.01,3,2,W,低有功功率定值
145,1,16,12,0,0,10,0.01,3,2,S,过电压动作时间
145,1,16,13,0,0.01,3,0.01,3,2,S,补偿过电压时间
145,1,16,14,0,0.01,3,0.01,3,2,S,补偿欠电压时间
145,1,16,15,0,0.01,3,0.01,3,2,S,电流变化展宽时间
145,1,16,16,0,0.01,3,0.01,3,2,S,零负序电流时间
145,1,16,17,0,0.01,3,0.01,3,2,S,功率元件动作时间
145,1,16,18,0,0.01,3,0.01,3,2,S,二取二动作时间
145,1,16,19,0,0.01,3,0.01,3,2,S,二取一动作时间
145,1,16,20,0,0.01,3,0.01,3,2,S,二取二无判据时间
145,1,16,21,0,0.01,3,0.01,3,2,S,二取一无判据时间
145,1,16,22,0,55,89,0.01,3,2,度,正序灵敏角
145,1,16,23,0,0,65535,1,3,2,无,线路编号
145,1,16,24,0,0,1,1,3,2,无,过压跳本侧投入
145,1,16,25,0,0,1,1,3,2,无,电压三取一方式
145,1,16,26,0,0,1,1,3,2,无,过电压起动远跳
145,1,16,27,0,0,1,1,3,2,无,远跳经跳位闭锁
145,1,16,28,0,0,1,1,3,2,无,远方跳闸投入
145,1,16,29,0,0,1,1,3,2,无,补偿过电压投入
145,1,16,30,0,0,1,1,3,2,无,补偿欠电压投入
145,1,16,31,0,0,1,1,3,2,无,电流变化量投入
145,1,16,32,0,0,1,1,3,2,无,零负序电流投入
145,1,16,33,0,0,1,1,3,2,无,低电流投入
145,1,16,34,0,0,1,1,3,2,无,低功率因素投入
145,1,16,35,0,0,1,1,3,2,无,低有功功率投入
145,1,16,36,0,0,1,1,3,2,无,二取一有判据
145,1,16,37,0,0,1,1,3,2,无,二取二无判据
145,1,16,38,0,0,1,1,3,2,无,二取一无判据
145,1,16,39,0,0,1,1,3,2,无,TV断线转二取二
145,1,16,40,0,0,1,1,3,2,无,TV断线转二取一
145,1,16,41,0,0,1,1,3,2,无,电抗补偿投入
146,1,16,1,0,0,1,1,3,2,无,通道I投入
146,1,16,2,0,0,1,1,3,2,无,通道II投入
146,1,16,3,0,0,1,1,3,2,无,投过压保护
[DI_CHANGE]
184,190,0,总启动
184,30,0,跳闸
184,34,0,过电压动作
184,138,0,二取二有判据
184,139,0,二取一有判据
184,124,0,二取二无判据
184,125,0,二取一无判据
184,141,0,补偿过电压
184,142,0,补偿欠电压
184,143,0,电流变化量
184,144,0,零负序电流
184,145,0,低电流
184,146,0,功率元件
184,6,0,通道Ⅰ投入
184,7,0,通道Ⅱ投入
184,123,0,投过压保护
184,8,0,通道Ⅰ收讯
184,9,0,通道Ⅱ收讯
184,11,0,通道Ⅰ故障
184,12,0,通道Ⅱ故障
184,10,0,跳闸位置
184,200,0,投过压保护S
184,203,0,通道Ⅰ投入S
184,207,0,通道Ⅱ投入S
[ACC]
1,0,Ia,A,0,A
2,0,Ib,B,0,A
3,0,Ic,C,0,A
4,0,3I0,N,0,A
5,0,Ua,A,0,V
6,0,Ub,B,0,V
7,0,Uc,C,0,V
[KG_SETs]
[POW]
[XUJI_FAULT_TYPE]
[ASDU10_REPORT_INF]
[DEV_TYPE_SELECT]
DEV_TYPE=0
[EVENT]
176,13,0,184,34,1,过电压动作
176,14,0,184,138,1,二取二有判据
176,15,0,184,139,1,二取一有判据
176,16,0,184,124,1,二取二无判据
176,17,0,184,125,1,二取一无判据
176,18,0,184,141,1,补偿过电压
176,19,0,184,142,1,补偿欠电压
176,20,0,184,143,1,电流变化量
176,21,0,184,144,1,零负序电流
176,22,0,184,145,1,低电流
176,23,0,184,146,1,功率元件
176,24,0,184,190,1,总启动
176,25,0,184,30,1,跳闸出口
[FAULT_PARA]
224,1,1,1,3,2,A,最大故障电流
224,2,1,2,3,2,A,最大零序电流
224,3,1,3,3,2,Km,短路位置
224,4,1,4,3,2,无,故障选相
[SOFT_CNT_INFO]
