[base]
code = bj,2010-06-30 13:54:01,sifang,PST-1201B-dhb,,,,,00000000,
name = 标准串口103接入规约
doc version = V1.20
tool = 1326 config tool
tool version = V1.10bata
last modified datetime = 2007-1-9 14:27

DIG=内部组号,内部条目号,偏移,FUN,INF,SOE标记,s10/11标记,复归模式,事件使能,YxType,描述
ANA=内部组号,内部条目号,Ratio1,死区1,偏移,Group,Entry,Min,Max,Unit,描述
CTRL=内部组号,内部条目号,偏移,Group,Entry,描述
SET=内部组号,内部条目号,偏移,Group,Entry
ZONE=内部组号,内部条目号,偏移,Group,Entry
SET_ELEMENT=GROUP,CPU,ZONE,NO,TYPE,MIN/KGBits,MAX,STEP,精度n,精度m,UNIT,描述
DI_CHANGE=Fun,Inf,APPID,ChannelId
ACC=AccNo,偏移,通道识别符,通道相位特征,被监视的回路元件,通道单位
KG_SETs=Group,Entry,Cpu,Zone,BitSeqs,Desc
POW=内部组号,内部条目号,偏移,Group,Entry,描述
XUJI_FAULT_TYPE=偏移,Group,Entry,备用,保护装置参数上送的编号,故障量类型,故障量名称
ASDU10_REPORT_INF=index,group
DEV_TYPE_SELECT=DEV_TYPE
EVENT=GROUP,ENTRY,CPU,FUN,INF,TRIGGER,描述
FAULT_PARA=GROUP,ENTRY,CPU,ParaType,精度n,精度m,UNIT,描述
SOFT_CNT_INFO=CPU号,组号,偏移
[DIG]
16,1,0,200,0,1,1,0,0,1,后备保护启动
16,2,0,200,1,1,1,0,0,1,整组保护复归
16,3,0,200,2,1,1,0,0,1,保护出口
16,4,0,200,3,1,1,0,0,1,复压过流11出口
16,5,0,200,4,1,1,0,0,1,复压过流12出口
16,6,0,200,5,1,1,0,0,1,复压过流13出口
16,7,0,200,6,1,1,0,0,1,复压过流21出口
16,8,0,200,7,1,1,0,0,1,复压过流22出口
16,9,0,200,8,1,1,0,0,1,复压过流23出口
16,10,0,200,80,1,2,0,0,4,装置上电
16,11,0,200,81,1,2,0,0,4,RAM错误
16,12,0,200,82,1,2,0,0,4,EPROM错误
16,13,0,200,83,1,2,0,0,4,闪存错误
16,14,0,200,84,1,2,0,0,4,EEPROM错误
16,15,0,200,85,1,2,0,0,4,无效定值区
16,16,0,200,86,1,2,0,0,4,定值校验错误
16,17,0,200,87,1,2,0,0,4,开入异常
16,18,0,200,88,1,2,0,0,4,开出异常
16,19,0,200,89,1,2,0,0,4,AD错误
16,20,0,200,90,1,2,0,0,4,TV断线
16,21,0,200,91,1,2,0,0,4,TV三相失压
16,22,0,200,92,1,2,0,0,4,TV反序
16,23,0,200,93,1,2,0,0,4,TA断线
16,24,0,200,94,1,2,0,0,4,TA负荷不平衡
16,25,0,200,95,1,2,0,0,4,TA反序
16,26,0,200,96,1,2,0,0,4,AD电源降低
16,27,0,200,97,1,2,0,0,4,负荷不对称
16,28,0,200,98,1,2,0,0,4,保护三跳失败
16,29,0,200,99,1,2,0,0,4,零压偏移
16,30,0,200,176,1,0,0,0,0,复压过流一段压板
16,31,0,200,177,1,0,0,0,0,复压过流二段压板
16,32,0,200,178,1,0,0,0,0,复压闭锁投入压板
255,255,0,0,0,1,0,0,0,5,装置通讯中断
[ANA]
64,1,1,0.01,0,1,1,0,100,V,Ua
64,2,1,0.01,0,1,2,0,100,A,Ia
64,3,1,0.01,0,1,3,0,100,V,Ub
64,4,1,0.01,0,1,4,0,100,A,Ib
64,5,1,0.01,0,1,5,0,100,V,Uc
64,6,1,0.01,0,1,6,0,100,A,Ic
[POW]
[CTRL]
[XUJI_FAULT_TYPE]
[SET]
144,0,0,4,0
[ZONE]
208,0,0,5,0
[DI_CHANGE]
255,1,0,复压闭锁投入
[ACC]
1,0,Ia,A,0,A
2,0,Ib,B,0,A
3,0,Ic,C,0,A
4,0,空,,0,其他
5,0,空,,0,其他
6,0,空,,0,其他
7,0,Ua,A,0,V
8,0,Ub,B,0,V
9,0,Uc,C,0,V
10,0,U0,N,0,V
11,0,空,,0,其他
12,0,空,,0,其他
[ASDU10_REPORT_INF]
[SET_ELEMENT]
144,1,16,1,2,0,0,0,3,2,,低压侧HB4控制字1
144,1,16,2,2,0,0,0,3,2,,低压侧HB4控制字2
144,1,16,3,0,0.0,99.99,0.01,3,2,V,复压低电压定值
144,1,16,4,0,0.0,99.99,0.01,3,2,V,复压负序电压定值
144,1,16,5,0,0.0,99.99,0.01,3,2,A,复压过流Ⅰ段定值
144,1,16,6,0,0.0,99.99,0.01,3,2,s,复压过流Ⅰ段1时限
144,1,16,7,0,0.0,99.99,0.01,3,2,s,复压过流Ⅰ段2时限
144,1,16,8,0,0.0,99.99,0.01,3,2,s,复压过流Ⅰ段3时限
144,1,16,9,0,0.0,99.99,0.01,3,2,A,复压过流Ⅱ段定值
144,1,16,10,0,0.0,99.99,0.01,3,2,s,复压过流Ⅱ段1时限
144,1,16,11,0,0.0,99.99,0.01,3,2,s,复压过流Ⅱ段2时限
144,1,16,12,0,0.0,99.99,0.01,3,2,s,复压过流Ⅱ段3时限
144,1,16,13,0,0.0,99.99,0.01,3,2,A,额定电流
144,1,16,14,0,0.0,999.9,0.01,3,2,V,中性点电压定值
144,1,16,15,0,0.10,20,0.01,3,2,s,中性点电压时限
[KG_SETs]
144,1,1,0,0,位0
144,1,1,0,1,位1
144,1,1,0,2,位2
144,1,1,0,3,位3
144,1,1,0,4,位4
144,1,1,0,5,位5
144,1,1,0,6,位6
144,1,1,0,7,位7
144,1,1,0,8,位8
144,1,1,0,9,位9
144,1,1,0,10,位10
144,1,1,0,11,位11
144,1,1,0,12,位12
144,1,1,0,13,位13
144,1,1,0,14,位14
144,1,1,0,15,位15
144,2,1,0,0,位0
144,2,1,0,1,位1
144,2,1,0,2,位2
144,2,1,0,3,位3
144,2,1,0,4,位4
144,2,1,0,5,位5
144,2,1,0,6,位6
144,2,1,0,7,位7
144,2,1,0,8,位8
144,2,1,0,9,位9
144,2,1,0,10,位10
144,2,1,0,11,位11
144,2,1,0,12,位12
144,2,1,0,13,位13
144,2,1,0,14,位14
144,2,1,0,15,位15
[DEV_TYPE_SELECT]
DEV_TYPE=0
[EVENT]
[FAULT_PARA]
