[base]
code = bj,2010-06-30 13:54:01,sifang,PST-1201B-cd24,,,,,00000000,
name = 标准串口103接入规约
doc version = V1.20
tool = 1326 config tool
tool version = V1.10bata
last modified datetime = 2007-1-9 14:27

DIG=内部组号,内部条目号,偏移,FUN,INF,SOE标记,s10/11标记,复归模式,事件使能,YxType,描述
ANA=内部组号,内部条目号,Ratio1,死区1,偏移,Group,Entry,Min,Max,Unit,描述
CTRL=内部组号,内部条目号,偏移,Group,Entry,描述
SET=内部组号,内部条目号,偏移,Group,Entry
ZONE=内部组号,内部条目号,偏移,Group,Entry
SET_ELEMENT=GROUP,CPU,ZONE,NO,TYPE,MIN/KGBits,MAX,STEP,精度n,精度m,UNIT,描述
DI_CHANGE=Fun,Inf,APPID,ChannelId
ACC=AccNo,偏移,通道识别符,通道相位特征,被监视的回路元件,通道单位
KG_SETs=Group,Entry,Cpu,Zone,BitSeqs,Desc
POW=内部组号,内部条目号,偏移,Group,Entry,描述
XUJI_FAULT_TYPE=偏移,Group,Entry,备用,保护装置参数上送的编号,故障量类型,故障量名称
ASDU10_REPORT_INF=index,group
DEV_TYPE_SELECT=DEV_TYPE
EVENT=GROUP,ENTRY,CPU,FUN,INF,TRIGGER,描述
FAULT_PARA=GROUP,ENTRY,CPU,ParaType,精度n,精度m,UNIT,描述
SOFT_CNT_INFO=CPU号,组号,偏移
[DIG]
16,1,0,195,0,1,1,0,0,1,差动保护启动
16,2,0,195,1,1,1,0,0,1,母差联跳变压器
16,3,0,195,2,1,1,0,0,1,差动保护出口
16,4,0,195,3,1,1,0,0,1,差速保护出口
16,5,0,195,80,1,2,0,0,4,装置上电
16,6,0,195,81,1,2,0,0,4,RAM错误
16,7,0,195,82,1,2,0,0,4,EPROM错误
16,8,0,195,83,1,2,0,0,4,闪存错误
16,9,0,195,84,1,2,0,0,4,EEPROM错误
16,10,0,195,85,1,2,0,0,4,无效定值区
16,11,0,195,86,1,2,0,0,4,定值校验错误
16,12,0,195,87,1,2,0,0,4,开入异常
16,13,0,195,88,1,2,0,0,4,开出异常
16,14,0,195,89,1,2,0,0,4,AD错误
16,15,0,195,90,1,2,0,0,4,TV断线
16,16,0,195,91,1,2,0,0,4,TV三相失压
16,17,0,195,92,1,2,0,0,4,TV反序
16,18,0,195,93,1,2,0,0,4,TA断线
16,19,0,195,94,1,2,0,0,4,TA负载不平衡
16,20,0,195,95,1,2,0,0,4,TA反序
16,21,0,195,96,1,2,0,0,4,AD电源降低
16,22,0,195,97,1,2,0,0,4,差流越限
16,23,0,195,105,1,2,0,0,4,保护跳闸失败
16,24,0,195,107,1,2,0,0,4,高压侧过负荷
16,25,0,195,108,1,2,0,0,4,中压侧过负荷
16,26,0,195,109,1,2,0,0,4,低压侧过负荷
16,27,0,195,110,1,2,0,0,4,高压侧启动风冷
16,28,0,195,111,1,2,0,0,4,过负荷闭锁调压
16,29,0,195,117,1,2,0,0,4,本体重瓦斯
16,30,0,195,118,1,2,0,0,4,本体轻瓦斯
16,31,0,195,119,1,2,0,0,4,调压重瓦斯
16,32,0,195,120,1,2,0,0,4,调压轻瓦斯
16,33,0,195,121,1,2,0,0,4,油温高
16,34,0,195,122,1,2,0,0,4,本体油位异常
16,35,0,195,123,1,2,0,0,4,绕组过温
16,36,0,195,124,1,2,0,0,4,风冷消失
16,37,0,195,125,1,2,0,0,4,风冷故障
16,38,0,195,126,1,2,0,0,4,调压油位异常
16,39,0,195,127,1,2,0,0,4,压力释放1
16,40,0,195,128,1,2,0,0,4,压力释放2
16,41,0,195,141,1,2,0,0,4,中压侧启动风冷
16,42,0,195,176,1,0,0,0,0,开入量电源异常
16,43,0,195,177,1,0,0,0,0,差动保护24压板
16,44,0,195,178,1,0,0,0,0,母差联跳变压器1
16,45,0,195,179,1,0,0,0,0,母差联跳变压器2
255,255,0,0,0,1,0,0,0,5,装置通讯中断
[ANA]
64,1,1,0.01,0,1,1,0,100,A,Ia
64,2,1,0.01,0,1,2,0,100,A,Ib
64,3,1,0.01,0,1,3,0,100,A,Ic
[POW]
[CTRL]
[XUJI_FAULT_TYPE]
[SET]
144,0,0,4,0
[ZONE]
208,0,0,5,0
[DI_CHANGE]
255,1,0,开入电源
255,2,0,母差联跳变压器1
255,3,0,母差联跳变压器2
[ACC]
1,0,Ia1,A,0,A
2,0,Ib1,B,0,A
3,0,Ic1,C,0,A
4,0,Ia2,A,0,A
5,0,Ib2,B,0,A
6,0,Ic2,C,0,A
7,0,Ia3,A,0,A
8,0,Ib3,B,0,A
9,0,Ic3,C,0,A
10,0,Ia4,A,0,A
11,0,Ib4,B,0,A
12,0,Ic4,C,0,A
[ASDU10_REPORT_INF]
[SET_ELEMENT]
144,1,16,1,2,0,0,0,3,2,,差动保护控制字
144,1,16,2,0,0.01,99.99,0.01,3,2,A,差动动作电流
144,1,16,3,0,0.01,99.99,0.01,3,2,A,速断动作电流
144,1,16,4,0,0.0,99.9,0.01,3,2,A,高压侧额定电流
144,1,16,5,0,0.0,999.9,0.01,3,2,kV,高压侧额定电压
144,1,16,6,0,0.0,9999,0.01,3,2,,高压侧TA变比
144,1,16,7,0,0.0,999.9,0.01,3,2,kV,中压侧额定电压
144,1,16,8,0,0.0,9999,0.01,3,2,,中压侧TA变比
144,1,16,9,0,0.0,99.99,0.01,3,2,kV,低压侧额定电压
144,1,16,10,0,0.0,9999,0.01,3,2,,低压侧TA变比
144,1,16,11,0,0.0,99.99,0.01,3,2,A,高压侧过负荷定值
144,1,16,12,0,0.0,99.99,0.01,3,2,A,中压侧过负荷定值
144,1,16,13,0,0.0,99.99,0.01,3,2,A,低压侧过负荷定值
144,1,16,14,0,0.0,99.99,0.01,3,2,A,高压侧启动通风值
144,1,16,15,0,0.0,99.99,0.01,3,2,A,中压侧启动通风值
144,1,16,16,0,0.0,99.99,0.01,3,2,A,闭锁调压定值
[KG_SETs]
144,1,1,0,0,位0
144,1,1,0,1,位1
144,1,1,0,2,位2
144,1,1,0,3,位3
144,1,1,0,4,位4
144,1,1,0,5,位5
144,1,1,0,6,位6
144,1,1,0,7,位7
144,1,1,0,8,位8
144,1,1,0,9,位9
144,1,1,0,10,位10
144,1,1,0,11,位11
144,1,1,0,12,位12
144,1,1,0,13,位13
144,1,1,0,14,位14
144,1,1,0,15,位15
[DEV_TYPE_SELECT]
DEV_TYPE=0
[EVENT]
[FAULT_PARA]
