[base]
code = 广东,2010-01-28,张龙,,,,,
name = 南瑞以太网103接入规约
doc version = V1.20
tool = 1326 config tool
tool version = V1.10bata
last modified datetime = 2007-4-10 13:13

DIG=内部组号,内部条目号,FUN,INF,SOE标记,s10/11标记,复归模式,事件使能,YxType,描述
ANA=内部组号,内部条目号,Ratio,死区,Group,Entry,Min,Max,Unit,描述
CTRL=内部组号,内部条目号,Group,Entry,描述
SET=内部组号,内部条目号,Group,Entry
ZONE=内部组号,内部条目号,Group,Entry
SET_ELEMENT=GROUP,CPU,ZONE,NO,TYPE,MIN/KGBits,MAX,STEP,精度n,精度m,UNIT,描述
KG_SETs=Group,Entry,Cpu,Zone,BitSeqs,Desc
DI_CHANGE=Fun,Inf,ChannelId
ACC=AccNo,通道识别符,通道相位特征,被监视的回路元件,通道单位
EVENT=GROUP,ENTRY,CPU,FUN,INF,TRIGGER,描述
FAULT_PARA=GROUP,ENTRY,CPU,ParaType,精度n,精度m,UNIT,描述
POW=内部组号,内部条目号,Group,Entry,描述
[DIG]
16,1,13,34,1,0,0,0,1,过电压动作
16,2,13,138,1,0,0,0,1,二取二有判据
16,3,13,139,1,0,0,0,1,二取一有判据
16,4,13,124,1,0,0,0,1,二取二无判据
16,5,13,125,1,0,0,0,1,二取一无判据
16,6,13,141,1,0,0,0,1,补偿过电压
16,7,13,142,1,0,0,0,1,补偿欠电压
16,8,13,143,1,0,0,0,1,电流变化量
16,9,13,144,1,0,0,0,1,零负序电流
16,10,13,145,1,0,0,0,1,低电流
16,11,13,146,1,0,0,0,1,功率元件
16,12,13,30,1,0,0,0,1,跳闸
16,13,13,190,1,0,0,0,1,启动
17,1,14,194,1,0,0,0,4,存储器出错
17,2,14,195,1,0,0,0,4,程序出错
17,3,14,196,1,0,0,0,4,定值出错
17,4,14,246,1,0,0,0,4,该区定值无效
17,5,14,197,1,0,0,0,4,CPU电流异常
17,6,14,189,1,0,0,0,4,零序长期动作
17,7,14,214,1,0,0,0,4,装置长期起动
17,8,14,212,1,0,0,0,4,跳合出口异常
17,9,14,222,1,0,0,0,4,定值校验出错
17,10,14,245,1,0,0,0,4,直流电源异常
17,11,14,202,1,0,0,0,4,光耦电源异常
17,12,14,162,1,0,0,0,4,交流TV断线
17,13,14,210,1,0,0,0,4,TWJ异常
17,14,14,192,1,0,0,0,4,通道告警
18,1,6,1,1,0,0,0,1,通道Ⅰ投入
18,2,6,2,1,0,0,0,1,通道Ⅱ投入
18,3,6,3,1,0,0,0,1,投过压保护
19,1,12,6,1,0,0,0,0,通道Ⅰ投入
19,2,12,7,1,0,0,0,0,通道Ⅱ投入
19,3,12,123,1,0,0,0,0,投过压保护
19,4,12,8,1,0,0,0,0,通道Ⅰ收信
19,5,12,9,1,0,0,0,0,通道Ⅱ收信
19,6,12,11,1,0,0,0,0,通道Ⅰ故障
19,7,12,12,1,0,0,0,0,通道Ⅱ故障
19,8,12,10,1,0,0,0,0,跳闸位置
19,9,12,200,1,0,0,0,0,通道Ⅰ投入S
19,10,12,203,1,0,0,0,0,通道Ⅱ投入S
19,11,12,207,1,0,0,0,0,投过压保护S
19,12,12,249,1,0,0,0,0,检修压板
255,255,0,0,1,0,0,0,5,通信状态
[ANA]
64,1,1,0.01,9,1,0,100,V,A相电压
64,2,1,0.01,9,2,0,100,V,B相电压
64,3,1,0.01,9,3,0,100,V,C相电压
64,4,1,0.01,9,4,0,100,A,A相电流
64,5,1,0.01,9,5,0,100,A,B相电流
64,6,1,0.01,9,6,0,100,A,C相电流
64,7,1,0.01,9,7,0,100,A,零序电流
[CTRL]
[SET]
144,0,3,0
[ZONE]
208,0,2,0
[SET_ELEMENT]
144,1,16,1,0,0,90,0.01,3,2,V,过电压定值
144,1,16,2,0,0,100,0.01,3,2,V,补偿过电压定值
144,1,16,3,0,0,57.7,0.01,3,2,V,补偿欠电压定值
144,1,16,4,0,0,125,0.01,3,2,Ω,线路阻抗值
144,1,16,5,0,0,6250,0.1,4,1,Ω,并联电抗值
144,1,16,6,0,0,6250,0.1,4,1,Ω,线路正序容抗
144,1,16,7,0,0,0.5,0.01,3,2,A,电流变化量定值
144,1,16,8,0,0,20,0.01,3,2,A,零序电流定值
144,1,16,9,0,0,20,0.01,3,2,A,负序电流定值
144,1,16,10,1,0,89,1,2,0,°,低功率因素角
144,1,16,11,0,0,90,0.01,2,2,W,低有功功率定值
144,1,16,12,0,0,10,0.01,3,2,S,过电压动作时间
144,1,16,13,0,0,10,0.01,3,2,S,补偿过电压时间
144,1,16,14,0,0,10,0.01,3,2,S,补偿欠电压时间
144,1,16,15,0,0,10,0.01,3,2,S,电流变化展宽时间
144,1,16,16,0,0,10,0.01,3,2,S,零负序电流时间
144,1,16,17,0,0,10,0.01,3,2,S,功率元件动作时间
144,1,16,18,0,0,10,0.01,3,2,S,二取二动作时间
144,1,16,19,0,0,10,0.01,3,2,S,二取一动作时间
144,1,16,20,0,0,10,0.01,3,2,S,二取二无判据时间
144,1,16,21,0,0,10,0.01,3,2,S,二取一无判据时间
144,1,16,22,0,0,89,1,2,2,°,正序灵敏角
144,1,16,23,1,0,65535,1,6,0,,线路编号
144,1,16,24,1,0,1,1,0,0,,过压跳本侧投入
144,1,16,25,1,0,1,1,0,0,,电压三取一方式
144,1,16,26,1,0,1,1,0,0,,过电压起动远跳
144,1,16,27,1,0,1,1,0,0,,远跳经跳位闭锁
144,1,16,28,1,0,1,1,0,0,,远方跳闸投入
144,1,16,29,1,0,1,1,0,0,,补偿过电压投入
144,1,16,30,1,0,1,1,0,0,,补偿欠电压投入
144,1,16,31,1,0,1,1,0,0,,电流变化量投入
144,1,16,32,1,0,1,1,0,0,,零负序电流投入
144,1,16,33,1,0,1,1,0,0,,低电流投入
144,1,16,34,1,0,1,1,0,0,,低功率因素投入
144,1,16,35,1,0,1,1,0,0,,低有功功率投入
144,1,16,36,1,0,1,1,0,0,,二取一有判据
144,1,16,37,1,0,1,1,0,0,,二取二无判据
144,1,16,38,1,0,1,1,0,0,,二取一无判据
144,1,16,39,1,0,1,1,0,0,,TV断线转二取二
144,1,16,40,1,0,1,1,0,0,,TV断线转二取一
144,1,16,41,1,0,1,1,0,0,,电抗补偿投入
[KG_SETs]
[DI_CHANGE]
184,34,过电压动作
184,138,二取二有判据
184,139,二取一有判据
184,124,二取二无判据
184,125,二取一无判据
184,141,补偿过电压
184,142,补偿欠电压
184,143,电流变化量
184,144,零负序电流
184,145,低电流
184,146,功率元件
184,30,跳闸
184,190,启动
184,6,通道Ⅰ投入
184,7,通道Ⅱ投入
184,123,投过压保护
184,8,通道Ⅰ收信
184,9,通道Ⅱ收信
184,11,通道Ⅰ故障
184,12,通道Ⅱ故障
184,10,跳闸位置
184,200,通道Ⅰ投入S
184,203,通道Ⅱ投入S
184,207,投过压保护S
184,249,检修压板
[ACC]
1,Ia,A,0,A
2,Ib,B,0,A
3,Ic,C,0,A
4,3I0,N,0,A
5,Ua,A,0,V
6,Ub,B,0,V
7,Uc,C,0,V
8,U0,N,0,V
[EVENT]
176,1,1,13,34,1,过电压动作
176,2,1,13,138,1,二取二有判据
176,3,1,13,139,1,二取一有判据
176,4,1,13,124,1,二取二无判据
176,5,1,13,125,1,二取一无判据
176,6,1,13,141,1,补偿过电压
176,7,1,13,142,1,补偿欠电压
176,8,1,13,143,1,电流变化量
176,9,1,13,144,1,零负序电流
176,10,1,13,145,1,低电流
176,11,1,13,146,1,功率元件
176,12,1,13,30,1,跳闸
176,13,1,13,190,1,启动
178,1,1,6,1,1,通道Ⅰ投入
178,2,1,6,2,1,通道Ⅱ投入
178,3,1,6,3,1,投过压保护
[FAULT_PARA]
[POW]
[SET_GRP]
144,定值
[GROUPINFO]
11,15,扰动数据说明
11,2,定值区号
11,3,定值
11,9,保护测量
11,12,硬压板
11,6,软压板
11,14,运行告警
11,13,动作元件
[IED_INFO]
OSC_TYPE,0
