[base]
code = bj,2010-06-30 13:54:01,sifang,PST-1201B-zhb,,,,,00000000,
name = 标准串口103接入规约
doc version = V1.20
tool = 1326 config tool
tool version = V1.10bata
last modified datetime = 2007-1-9 14:27

DIG=内部组号,内部条目号,偏移,FUN,INF,SOE标记,s10/11标记,复归模式,事件使能,YxType,描述
ANA=内部组号,内部条目号,Ratio1,死区1,偏移,Group,Entry,Min,Max,Unit,描述
CTRL=内部组号,内部条目号,偏移,Group,Entry,描述
SET=内部组号,内部条目号,偏移,Group,Entry
ZONE=内部组号,内部条目号,偏移,Group,Entry
SET_ELEMENT=GROUP,CPU,ZONE,NO,TYPE,MIN/KGBits,MAX,STEP,精度n,精度m,UNIT,描述
DI_CHANGE=Fun,Inf,APPID,ChannelId
ACC=AccNo,偏移,通道识别符,通道相位特征,被监视的回路元件,通道单位
KG_SETs=Group,Entry,Cpu,Zone,BitSeqs,Desc
POW=内部组号,内部条目号,偏移,Group,Entry,描述
XUJI_FAULT_TYPE=偏移,Group,Entry,备用,保护装置参数上送的编号,故障量类型,故障量名称
ASDU10_REPORT_INF=index,group
DEV_TYPE_SELECT=DEV_TYPE
EVENT=GROUP,ENTRY,CPU,FUN,INF,TRIGGER,描述
FAULT_PARA=GROUP,ENTRY,CPU,ParaType,精度n,精度m,UNIT,描述
SOFT_CNT_INFO=CPU号,组号,偏移
[DIG]
16,1,0,203,0,1,1,0,0,1,后备保护启动
16,2,0,203,1,1,1,0,0,1,保护整组复归
16,3,0,203,2,1,1,0,0,1,后备保护出口
16,4,0,203,3,1,1,0,0,1,偏移相间11出口
16,5,0,203,4,1,1,0,0,1,偏移相间12出口
16,6,0,203,5,1,1,0,0,1,偏移相间13出口
16,7,0,203,6,1,1,0,0,1,偏移相间21出口
16,8,0,203,7,1,1,0,0,1,偏移相间22出口
16,9,0,203,8,1,1,0,0,1,偏移相间23出口
16,10,0,203,9,1,1,0,0,1,零序方向11出口
16,11,0,203,10,1,1,0,0,1,零序方向12出口
16,12,0,203,11,1,1,0,0,1,零序方向13出口
16,13,0,203,12,1,1,0,0,1,零序方向21出口
16,14,0,203,13,1,1,0,0,1,零序方向22出口
16,15,0,203,14,1,1,0,0,1,零序方向23出口
16,16,0,203,15,1,1,0,0,1,零序过流1出口
16,17,0,203,16,1,1,0,0,1,零序过流2出口
16,18,0,203,17,1,1,0,0,1,复压过流1出口
16,19,0,203,18,1,1,0,0,1,复压过流2出口
16,20,0,203,19,1,1,0,0,1,非全相保护出口
16,21,0,203,80,1,2,0,0,4,装置上电
16,22,0,203,81,1,2,0,0,4,RAM错误
16,23,0,203,82,1,2,0,0,4,EPROM错误
16,24,0,203,83,1,2,0,0,4,闪存错误
16,25,0,203,84,1,2,0,0,4,EEPROM错误
16,26,0,203,85,1,2,0,0,4,无效定值区
16,27,0,203,86,1,2,0,0,4,定值校验错误
16,28,0,203,87,1,2,0,0,4,开入异常
16,29,0,203,88,1,2,0,0,4,开出异常
16,30,0,203,89,1,2,0,0,4,AD错误
16,31,0,203,90,1,2,0,0,4,TV断线
16,32,0,203,91,1,2,0,0,4,TV三相失压
16,33,0,203,92,1,2,0,0,4,TV反序
16,34,0,203,93,1,2,0,0,4,TA断线
16,35,0,203,94,1,2,0,0,4,TA负荷不平衡
16,36,0,203,95,1,2,0,0,4,TA反序
16,37,0,203,96,1,2,0,0,4,AD电源降低
16,38,0,203,97,1,2,0,0,4,负载不对称
16,39,0,203,98,1,2,0,0,4,三跳失败
16,40,0,203,99,1,2,0,0,4,公共绕组过负荷
16,41,0,203,176,1,0,0,0,0,偏移相间一段压板
16,42,0,203,177,1,0,0,0,0,偏移相间二段压板
16,43,0,203,178,1,0,0,0,0,零序方向一段压板
16,44,0,203,179,1,0,0,0,0,零序方向二段压板
16,45,0,203,180,1,0,0,0,0,复压过流压板
16,46,0,203,181,1,0,0,0,0,零序过流压板
16,47,0,203,182,1,0,0,0,0,复压闭锁投入压板
255,255,0,0,0,1,0,0,0,5,装置通讯中断
[ANA]
64,1,1,0.01,0,1,1,0,100,V,Ua
64,2,1,0.01,0,1,2,0,100,A,Ia
64,3,1,0.01,0,1,3,0,100,V,Ub
64,4,1,0.01,0,1,4,0,100,A,Ib
64,5,1,0.01,0,1,5,0,100,V,Uc
64,6,1,0.01,0,1,6,0,100,A,Ic
[POW]
[CTRL]
[XUJI_FAULT_TYPE]
[SET]
144,0,0,4,0
[ZONE]
208,0,0,5,0
[DI_CHANGE]
255,1,0,复压闭锁
[ACC]
1,0,Ia,A,0,A
2,0,Ib,B,0,A
3,0,Ic,C,0,A
4,0,3I0,N,0,A
5,0,In,N,0,A
6,0,空,,0,其他
7,0,Ua,A,0,V
8,0,Ub,B,0,V
9,0,Uc,C,0,V
10,0,3U0,N,0,V
11,0,空,,0,其他
12,0,空,,0,其他
[ASDU10_REPORT_INF]
[SET_ELEMENT]
144,1,16,1,2,0,0,0,3,2,,中压侧HB2控制字1
144,1,16,2,2,0,0,0,3,2,,中压侧HB2控制字2
144,1,16,3,0,0.10,100.0,0.01,3,2,Ω,相间一段电阻定值
144,1,16,4,0,0.10,100.0,0.01,3,2,Ω,相间一段电抗定值
144,1,16,5,0,0.00,1.000,0.01,3,2,,相间一段偏移度
144,1,16,6,0,0.10,20,0.01,3,2,S,相间一段1时限
144,1,16,7,0,0.10,20,0.01,3,2,S,相间一段2时限
144,1,16,8,0,0.10,20,0.01,3,2,S,相间一段3时限
144,1,16,9,0,0.0,99.9,0.01,3,2,Ω,相间二段电阻定值
144,1,16,10,0,0.0,99.9,0.01,3,2,Ω,相间二段电抗定值
144,1,16,11,0,0.00,1.000,0.01,3,2,,相间二段偏移度
144,1,16,12,0,0.10,20,0.01,3,2,S,相间二段1时限
144,1,16,13,0,0.10,20,0.01,3,2,S,相间二段2时限
144,1,16,14,0,0.10,20,0.01,3,2,S,相间二段3时限
144,1,16,15,0,0.0,99.99,0.01,3,2,V,复压低电压定值
144,1,16,16,0,0.0,99.99,0.01,3,2,V,复压负序电压定值
144,1,16,17,0,0.0,99.99,0.01,3,2,A,复压过流电流定值
144,1,16,18,0,0.10,20,0.01,3,2,s,复压过流1时限
144,1,16,19,0,0.10,20,0.01,3,2,s,复压过流2时限
144,1,16,20,0,0.0,99.99,0.01,3,2,A,零序方向Ⅰ段定值
144,1,16,21,0,0.10,20,0.01,3,2,s,零序方向Ⅰ段1时限
144,1,16,22,0,0.10,20,0.01,3,2,s,零序方向Ⅰ段2时限
144,1,16,23,0,0.10,20,0.01,3,2,s,零序方向Ⅰ段3时限
144,1,16,24,0,0.0,99.99,0.01,3,2,A,零序方向Ⅱ段定值
144,1,16,25,0,0.10,20,0.01,3,2,s,零序方向Ⅱ段1时限
144,1,16,26,0,0.10,20,0.01,3,2,s,零序方向Ⅱ段2时限
144,1,16,27,0,0.10,20,0.01,3,2,s,零序方向Ⅱ段3时限
144,1,16,28,0,0.0,99.99,0.01,3,2,A,零序过流电流定值
144,1,16,29,0,0.10,20,0.01,3,2,s,零序过流1时限
144,1,16,30,0,0.10,20,0.01,3,2,s,零序过流2时限
144,1,16,31,0,0.0,99.99,0.01,3,2,A,公共绕组过负荷定值
144,1,16,32,0,0.0,99.99,0.01,3,2,A,额定电流
[KG_SETs]
144,1,1,0,0,位0
144,1,1,0,1,位1
144,1,1,0,2,位2
144,1,1,0,3,位3
144,1,1,0,4,位4
144,1,1,0,5,位5
144,1,1,0,6,位6
144,1,1,0,7,位7
144,1,1,0,8,位8
144,1,1,0,9,位9
144,1,1,0,10,位10
144,1,1,0,11,位11
144,1,1,0,12,位12
144,1,1,0,13,位13
144,1,1,0,14,位14
144,1,1,0,15,位15
144,2,1,0,0,位0
144,2,1,0,1,位1
144,2,1,0,2,位2
144,2,1,0,3,位3
144,2,1,0,4,位4
144,2,1,0,5,位5
144,2,1,0,6,位6
144,2,1,0,7,位7
144,2,1,0,8,位8
144,2,1,0,9,位9
144,2,1,0,10,位10
144,2,1,0,11,位11
144,2,1,0,12,位12
144,2,1,0,13,位13
144,2,1,0,14,位14
144,2,1,0,15,位15
[DEV_TYPE_SELECT]
DEV_TYPE=0
[EVENT]
[FAULT_PARA]
