[base]
code = 广东,2010-01-28,张龙,,,,,
name = 南瑞以太网103接入规约
doc version = V1.20
tool = 1326 config tool
tool version = V1.10bata
last modified datetime = 2007-4-10 13:13

DIG=内部组号,内部条目号,FUN,INF,SOE标记,s10/11标记,复归模式,事件使能,YxType,描述
ANA=内部组号,内部条目号,Ratio,死区,Group,Entry,Min,Max,Unit,描述
CTRL=内部组号,内部条目号,Group,Entry,描述
SET=内部组号,内部条目号,Group,Entry
ZONE=内部组号,内部条目号,Group,Entry
SET_ELEMENT=GROUP,CPU,ZONE,NO,TYPE,MIN/KGBits,MAX,STEP,精度n,精度m,UNIT,描述
KG_SETs=Group,Entry,Cpu,Zone,BitSeqs,Desc
DI_CHANGE=Fun,Inf,ChannelId
ACC=AccNo,通道识别符,通道相位特征,被监视的回路元件,通道单位
EVENT=GROUP,ENTRY,CPU,FUN,INF,TRIGGER,描述
FAULT_PARA=GROUP,ENTRY,CPU,ParaType,精度n,精度m,UNIT,描述
POW=内部组号,内部条目号,Group,Entry,描述
[DIG]
16,1,13,186,1,0,0,0,1,A相失灵起动
16,2,13,187,1,0,0,0,1,B相失灵起动
16,3,13,188,1,0,0,0,1,C相失灵起动
16,4,13,129,1,0,0,0,1,过流Ⅰ段
16,5,13,130,1,0,0,0,1,过流Ⅱ段
16,6,13,54,1,0,0,0,1,零序过流Ⅰ段
16,7,13,55,1,0,0,0,1,零序过流Ⅱ段
16,8,13,108,1,0,0,0,1,不一致保护动作
16,9,13,63,1,0,0,0,1,充电保护动作
16,10,13,190,1,0,0,0,1,总启动
16,11,13,30,1,0,0,0,1,跳闸
17,1,14,194,1,0,0,0,4,存储器出错
17,2,14,195,1,0,0,0,4,程序出错
17,3,14,196,1,0,0,0,4,定值出错
17,4,14,246,1,0,0,0,4,该区定值无效
17,5,14,197,1,0,0,0,4,CPU/DSP采样数据异常
17,6,14,189,1,0,0,0,4,零序长期起动报警
17,7,14,214,1,0,0,0,4,装置长期启动报警
17,8,14,212,1,0,0,0,4,跳合出口异常
17,9,14,222,1,0,0,0,4,定值校验出错
17,10,14,245,1,0,0,0,4,直流电源异常
17,11,14,202,1,0,0,0,4,光耦电源异常
17,12,14,181,1,0,0,0,4,断路器位置异常
18,1,6,1,1,0,0,0,1,投充电保护
18,2,6,2,1,0,0,0,1,投不一致保护
18,3,6,3,1,0,0,0,1,投过流保护
19,1,12,3,1,0,0,0,0,投充电保护
19,2,12,1,1,0,0,0,0,投不一致保护
19,3,12,2,1,0,0,0,0,投过流保护
19,4,12,28,1,0,0,0,0,手合接点开入
19,5,12,10,1,0,0,0,0,跳闸位置开入
19,6,12,4,1,0,0,0,0,不一致开入
19,7,12,184,1,0,0,0,0,投充电保护S
19,8,12,164,1,0,0,0,0,投不一致S
19,9,12,161,1,0,0,0,0,投过流保护S
19,10,12,249,1,0,0,0,0,检修压板
255,255,0,0,1,0,0,0,5,通信状态
[ANA]
64,1,1,0.01,9,1,0,100,A,A相电流
64,2,1,0.01,9,2,0,100,A,B相电流
64,3,1,0.01,9,3,0,100,A,C相电流
64,4,1,0.01,9,4,0,100,A,零序电流
[CTRL]
[SET]
144,0,3,0
[ZONE]
208,0,2,0
[SET_ELEMENT]
144,1,16,1,0,0,0.5,0.01,3,2,A,电流变化量起动值
144,1,16,2,0,0,0.5,0.01,3,2,A,零序起动电流
144,1,16,3,0,0,20,0.01,3,2,A,失灵起动电流
144,1,16,4,0,0,20,0.01,3,2,A,过流Ⅰ段
144,1,16,5,0,0,10,0.01,3,2,S,过流Ⅰ段时间
144,1,16,6,0,0,20,0.01,3,2,A,过流Ⅱ段
144,1,16,7,0,0,10,0.01,3,2,S,过流Ⅱ段时间
144,1,16,8,0,0,20,0.01,3,2,A,零序过流Ⅰ段
144,1,16,9,0,0,10,0.01,3,2,S,零流Ⅰ段时间
144,1,16,10,0,0,20,0.01,3,2,A,零序过流Ⅱ段
144,1,16,11,0,0,10,0.01,3,2,S,零流Ⅱ段时间
144,1,16,12,0,0,20,0.01,3,2,A,不一致零序电流
144,1,16,13,0,0,20,0.01,3,2,A,不一致负序电流
144,1,16,14,0,0,10,0.01,3,2,S,不一致动作时间
144,1,16,15,0,0,20,0.01,3,2,A,充电过流定值
144,1,16,16,1,0,65535,1,6,0,,线路编号
144,1,16,17,1,0,1,1,0,0,,投失灵起动
144,1,16,18,1,0,1,1,0,0,,投过流Ⅰ段
144,1,16,19,1,0,1,1,0,0,,投过流Ⅱ段
144,1,16,20,1,0,1,1,0,0,,投零序过流Ⅰ段
144,1,16,21,1,0,1,1,0,0,,投零序过流Ⅱ段
144,1,16,22,1,0,1,1,0,0,,投不一致保护
144,1,16,23,1,0,1,1,0,0,,不一致经零序
144,1,16,24,1,0,1,1,0,0,,不一致经负序
144,1,16,25,1,0,1,1,0,0,,投充电保护
[KG_SETs]
[DI_CHANGE]
184,186,A相失灵起动
184,187,B相失灵起动
184,188,C相失灵起动
184,129,过流Ⅰ段
184,130,过流Ⅱ段
184,54,零序过流Ⅰ段
184,55,零序过流Ⅱ段
184,108,不一致保护动作
184,63,充电保护动作
184,190,总启动
184,30,跳闸
184,3,投充电保护
184,1,投不一致保护
184,2,投过流保护
184,28,手合接点开入
184,10,跳闸位置开入
184,4,不一致开入
184,184,投充电保护S
184,164,投不一致S
184,161,投过流保护S
184,249,检修压板
[ACC]
1,Ia,A,0,A
2,Ib,B,0,A
3,Ic,C,0,A
[EVENT]
176,1,1,13,186,1,A相失灵起动
176,2,1,13,187,1,B相失灵起动
176,3,1,13,188,1,C相失灵起动
176,4,1,13,129,1,过流Ⅰ段
176,5,1,13,130,1,过流Ⅱ段
176,6,1,13,54,1,零序过流Ⅰ段
176,7,1,13,55,1,零序过流Ⅱ段
176,8,1,13,108,1,不一致保护动作
176,9,1,13,63,1,充电保护动作
176,10,1,13,190,1,总启动
176,11,1,13,30,1,跳闸
178,1,1,6,1,1,投充电保护
178,2,1,6,2,1,投不一致保护
178,3,1,6,3,1,投过流保护
[FAULT_PARA]
[POW]
[SET_GRP]
144,定值
[GROUPINFO]
16,15,扰动数据说明
16,2,定值区号
16,3,定值
16,9,保护测量
16,12,硬压板
16,6,软压板
16,14,运行告警
16,13,动作元件
[IED_INFO]
OSC_TYPE,0
