[base]
code = BJ,2010-07-12 10:05:18,sifang,,从规约点表中手工形成,,0,,00000000,0
name = 标准串口103接入规约
doc version = V1.20
tool = 1326 config tool
tool version = V1.10bata
last modified datetime = 2007-1-9 14:27

DIG=内部组号,内部条目号,偏移,FUN,INF,SOE标记,s10/11标记,复归模式,事件使能,YxType,描述
ANA=内部组号,内部条目号,Ratio1,死区1,偏移,Group,Entry,Min,Max,Unit,描述
CTRL=内部组号,内部条目号,偏移,Group,Entry,描述
SET=内部组号,内部条目号,偏移,Group,Entry
ZONE=内部组号,内部条目号,偏移,Group,Entry
SET_ELEMENT=GROUP,CPU,ZONE,NO,TYPE,MIN/KGBits,MAX,STEP,精度n,精度m,UNIT,描述
DI_CHANGE=Fun,Inf,APPID,ChannelId
ACC=AccNo,偏移,通道识别符,通道相位特征,被监视的回路元件,通道单位
KG_SETs=Group,Entry,Cpu,Zone,BitSeqs,Desc
POW=内部组号,内部条目号,偏移,Group,Entry,描述
XUJI_FAULT_TYPE=偏移,Group,Entry,备用,保护装置参数上送的编号,故障量类型,故障量名称
ASDU10_REPORT_INF=index,group
DEV_TYPE_SELECT=DEV_TYPE
EVENT=GROUP,ENTRY,CPU,FUN,INF,TRIGGER,描述
FAULT_PARA=GROUP,ENTRY,CPU,ParaType,精度n,精度m,UNIT,描述
SOFT_CNT_INFO=CPU号,组号,偏移
[DIG]
16,1,0,178,26,1,1,0,0,1,重合闸动作
16,2,0,178,167,1,1,0,0,1,纵联距离动作
16,3,0,178,166,1,1,0,0,1,纵联零序方向
16,4,0,178,113,1,1,0,0,1,工频变化量阻抗
16,5,0,178,78,1,1,0,0,1,距离Ⅰ段动作
16,6,0,178,79,1,1,0,0,1,距离Ⅱ段动作
16,7,0,178,80,1,1,0,0,1,距离Ⅲ段动作
16,8,0,178,55,1,1,0,0,1,零序过流Ⅱ段
16,9,0,178,56,1,1,0,0,1,零序过流Ⅲ段
16,10,0,178,114,1,1,0,0,1,非全相运行故障
16,11,0,178,116,1,1,0,0,1,距离加速
16,12,0,178,151,1,1,0,0,1,零序加速
16,13,0,178,88,1,1,0,0,1,选相无效三跳
16,14,0,178,89,1,1,0,0,1,单跳失败三跳
16,15,0,178,90,1,1,0,0,1,单相运行三跳
16,16,0,178,63,1,1,0,0,1,TV断线过流
16,17,0,178,20,1,1,0,0,1,跳A
16,18,0,178,21,1,1,0,0,1,跳B
16,19,0,178,22,1,1,0,0,1,跳C
16,20,0,178,182,1,1,0,0,1,起动
17,1,0,178,194,1,2,0,0,4,数据(外部)随机存储器异常
17,2,0,178,195,1,2,0,0,4,程序(只读)存储器异常
17,3,0,178,196,1,2,0,0,4,EEPROM异常
17,4,0,178,49,1,2,0,0,4,该区定值无效
17,5,0,178,50,1,2,0,0,4,CPU采样数据异常
17,6,0,178,189,1,2,0,0,4,零序电流长期起动报警
17,7,0,178,214,1,2,0,0,4,长期启动报警
17,8,0,178,51,1,2,0,0,4,DSP采样异常
17,9,0,178,200,1,2,0,0,4,跳闸开入异常
17,10,0,178,222,1,2,0,0,4,定值校验出错
17,11,0,178,44,1,2,0,0,4,直流电源异常
17,12,0,178,202,1,2,0,0,4,光耦电源异常
17,13,0,178,241,1,2,0,0,4,TV断线
17,14,0,178,240,1,2,0,0,4,线路TV断线
17,15,0,178,206,1,2,0,0,4,TA断线
17,16,0,178,210,1,2,0,0,4,TWJ异常
17,17,0,178,212,1,2,0,0,4,跳合出口异常
17,18,0,178,192,1,2,0,0,4,通道异常
18,1,0,178,11,1,0,0,0,0,高频保护压板
18,2,0,178,1,1,0,0,0,0,距离保护压板
18,3,0,178,15,1,0,0,0,0,零序保护压板
18,4,0,178,16,1,0,0,0,0,重合闸方式1
18,5,0,178,17,1,0,0,0,0,重合闸方式2
18,6,0,178,8,1,0,0,0,0,闭重三跳
18,7,0,178,12,1,0,0,0,0,通道试验
18,8,0,178,14,1,0,0,0,0,其他保护停信
18,9,0,178,70,1,0,0,0,0,跳闸起动重合
18,10,0,178,71,1,0,0,0,0,三跳起动重合
18,11,0,178,47,1,0,0,0,0,收发信机告警
18,12,0,178,161,1,0,0,0,0,A相跳闸位置
18,13,0,178,162,1,0,0,0,0,B相跳闸位置
18,14,0,178,163,1,0,0,0,0,C相跳闸位置
18,15,0,178,205,1,0,0,0,0,合闸压力降低
18,16,0,178,13,1,0,0,0,0,收信
18,17,0,178,131,1,0,0,0,0,高频保护S
18,18,0,178,132,1,0,0,0,0,距离保护S
18,19,0,178,133,1,0,0,0,0,零序保护S
18,20,0,178,134,1,0,0,0,0,闭重三跳S
18,21,0,178,42,1,0,0,0,0,监视方向闭锁
255,255,0,0,0,1,0,0,0,5,装置通讯中断
[ANA]
64,1,1,0.001,0,9,0,0,9,,模拟量
64,2,1,0.001,0,9,1,0,65535,V,Ua
64,3,1,0.001,0,9,2,0,65535,V,Ub
64,4,1,0.001,0,9,3,0,65535,V,Uc
64,5,1,0.001,0,9,4,0,65535,V,UL
64,6,1,0.001,0,9,5,0,65535,A,Ia
64,7,1,0.001,0,9,6,0,65535,A,Ib
64,8,1,0.001,0,9,7,0,65535,A,Ic
64,9,1,0.001,0,9,8,0,65535,A,I0
[CTRL]
[SET]
144,0,0,1,0
145,0,0,3,0
146,0,0,6,0
[ZONE]
208,0,0,2,0
[SET_ELEMENT]
144,1,16,0,1,0,19,1,3,2,,装置参数
144,1,16,1,1,0,29,1,3,2,,保护定值区号
144,1,16,2,1,0,254,1,3,2,,保护装置地址
144,1,16,3,1,4800,38400,1,3,2,bit/s,串口1波特率
144,1,16,4,1,4800,38400,1,3,2,bit/s,串口2波特率
144,1,16,5,1,4800,38400,1,3,2,bit/s,打印波特率
144,1,16,6,1,4800,9600,1,3,2,bit/s,调试波特率
144,1,16,7,1,50,60,1,3,2,Hz,系统频率
144,1,16,8,0,127,655,0.01,3,2,kV,电压一次额定值
144,1,16,9,0,57.73,57.73,0.01,3,2,V,电压二次额定值
144,1,16,10,1,100,65535,1,3,2,A,电流一次额定值
144,1,16,11,1,1,5,1,3,2,A,电流二次额定值
144,1,16,12,3,0,0,0,3,2,,厂站名称
144,1,16,13,1,0,1,1,3,2,,网络打印方式
144,1,16,14,1,0,1,1,3,2,,自动打印
144,1,16,15,1,0,1,1,3,2,,规约类型
144,1,16,16,1,0,1,1,3,2,,分脉冲对时
144,1,16,17,1,0,1,1,3,2,,远方修改定值
144,1,16,18,1,0,1,1,3,2,,103规约有INF
145,1,16,0,1,0,81,1,3,2,,保护定值
145,1,16,1,0,0.1,0.5In,0.01,3,2,A,电流变化量启动值
145,1,16,2,0,0.1,0.5In,0.01,3,2,A,零序起动电流
145,1,16,3,0,0.5,37.5/In,0.01,3,2,Ω,工频变化量阻抗
145,1,16,4,0,0.5,125/In,0.01,3,2,V,正向保护电压
145,1,16,5,0,0.5,125/In,0.01,3,2,Ω,超范围变化量阻抗
145,1,16,6,0,0.1,20In,0.01,3,2,Ω,距离方向阻抗定值
145,1,16,7,0,0.00,12,0.01,3,2,Ω,距离反方向阻抗
145,1,16,8,0,0,2,0.01,3,2,A,零序方向过流定值
145,1,16,9,0,0.2,2.2In,0.01,3,2,Ω,零序方向补偿阻抗
145,1,16,10,0,0.05,125/In,0.01,3,2,S,通道交换时间定值
145,1,16,11,0,0.05,125/In,0.01,3,2,0,零序补偿系数
145,1,16,12,0,0.01,10,0.01,3,2,A,振荡闭锁过流
145,1,16,13,0,0.05,125/In,0.01,3,2,Ω,接地距离I段定值
145,1,16,14,0,0.01,10,0.01,3,2,S,接地距离II段定值
145,1,16,15,0,0.05,125/In,0.01,3,2,Ω,接地距离II段时间
145,1,16,16,0,0.05,125/In,0.01,3,2,Ω,接地距离III段定值
145,1,16,17,0,0.01,10,0.01,3,2,S,接地距离III段时间
145,1,16,18,0,0.05,125/In,0.01,3,2,Ω,相间距离I段定值
145,1,16,19,0,0.01,10,0.01,3,2,S,相间距离II段定值
145,1,16,20,0,0.05,125/In,0.01,3,2,Ω,相间距离II段时间
145,1,16,21,0,55,89,0.01,3,2,Ω,相间距离III段定值
145,1,16,22,0,55,89,0.01,3,2,S,相间距离III段时间
145,1,16,23,0,0,30,0.01,3,2,Ω,负荷限制电阻定值
145,1,16,24,0,0,30,0.01,3,2,°,正序灵敏角
145,1,16,25,0,0.1,20In,0.01,3,2,°,零序灵敏角
145,1,16,26,0,0.01,10,0.01,3,2,°,接地距离偏移角
145,1,16,27,0,0.1,20In,0.01,3,2,°,相间距离偏移角
145,1,16,28,0,0.5,10,0.01,3,2,A,零序过流II段定值
145,1,16,29,0,0.1,20In,0.01,3,2,S,零序过流II段时间
145,1,16,30,0,0.1,20In,0.01,3,2,A,零序过流III段定值
145,1,16,31,0,0.1,20In,0.01,3,2,S,零序过流III段时间
145,1,16,32,0,0.1,10,0.01,3,2,A,零序过流加速段
145,1,16,33,0,0.1,10,0.01,3,2,A,TV断线相过流定值
145,1,16,34,0,0.1,10,0.01,3,2,A,TV断线时零序过流
145,1,16,35,0,0,90,0.01,3,2,S,TV断线时过流时间
145,1,16,36,0,0.01,655.35,0.01,3,2,S,单相重合闸时间
145,1,16,37,0,0.01,655.35,0.01,3,2,S,三相重合闸时间
145,1,16,38,0,0.01,655.35,0.01,3,2,°,同期合闸角
145,1,16,39,0,0.01,655.35,0.01,3,2,Ω,线路正序电抗
145,1,16,40,0,0,655.35,0.01,3,2,Ω,线路正序电阻
145,1,16,41,0,0,65535,0.01,3,2,Ω,线路零序电抗
145,1,16,42,0,0,65535,0.01,3,2,Ω,线路零序电阻
145,1,16,43,0,0,65535,0.01,3,2,kM,线路总长度
145,1,16,44,1,0,65535,1,3,2,,线路编号
145,1,16,45,1,0,1,1,3,2,,工频变化量阻抗
145,1,16,46,1,0,1,1,3,2,,投纵联距离保护
145,1,16,47,1,0,1,1,3,2,,投纵联零序方向
145,1,16,48,1,0,1,1,3,2,,投允许式通道
145,1,16,49,1,0,1,1,3,2,,投自动通道交换
145,1,16,50,1,0,1,1,3,2,,弱电源侧
145,1,16,51,1,0,1,1,3,2,,电压接线路TV
145,1,16,52,1,0,1,1,3,2,,投振荡闭锁
145,1,16,53,1,0,1,1,3,2,,投I段接地距离
145,1,16,54,1,0,1,1,3,2,,投II段接地距离
145,1,16,55,1,0,1,1,3,2,,投III段接地距离
145,1,16,56,1,0,1,1,3,2,,投I段相间距离
145,1,16,57,1,0,1,1,3,2,,投II段相间距离
145,1,16,58,1,0,1,1,3,2,,投III段相间距离
145,1,16,59,1,0,1,1,3,2,,投负荷限制距离
145,1,16,60,1,0,1,1,3,2,,三重加速II段Z
145,1,16,61,1,0,1,1,3,2,,三重加速III段Z
145,1,16,62,1,0,1,1,3,2,,零序III段经方向
145,1,16,63,1,0,1,1,3,2,,零III跳闸后加速
145,1,16,64,1,0,1,1,3,2,,投三相跳闸方式
145,1,16,65,1,0,1,1,3,2,,投重合闸
145,1,16,66,1,0,1,1,3,2,,投检同期方式
145,1,16,67,1,0,1,1,3,2,,投检无压方式
145,1,16,68,1,0,1,1,3,2,,投重合闸不检
145,1,16,69,1,0,1,1,3,2,,不对应起动重合
145,1,16,70,1,0,1,1,3,2,,相间距离II闭重
145,1,16,71,1,0,1,1,3,2,,接地距离II闭重
145,1,16,72,1,0,1,1,3,2,,零II段三跳闭重
145,1,16,73,1,0,1,1,3,2,,投选相无效闭重
145,1,16,74,1,0,1,1,3,2,,非全相故障闭重
145,1,16,75,1,0,1,1,3,2,,投多相故障闭重
145,1,16,76,1,0,1,1,3,2,,投三相故障闭重
145,1,16,77,1,0,1,1,3,2,,内重合把手有效
145,1,16,78,1,0,1,1,3,2,,投单重方式
145,1,16,79,1,0,1,1,3,2,,投三重方式
145,1,16,80,1,0,1,1,3,2,,投综重方式
146,1,16,0,1,0,5,1,3,2,,软件板定值
146,1,16,1,1,0,1,1,3,2,,投主保护压板
146,1,16,2,1,0,1,1,3,2,,投距离保护压板
146,1,16,3,1,0,1,1,3,2,,投零序保护压板
146,1,16,4,1,0,1,1,3,2,,投闭重三跳压板
[DI_CHANGE]
178,182,0,总起动
178,18,0,发信
178,19,0,收信
178,20,0,A相跳闸
178,21,0,B相跳闸
178,22,0,C相跳闸
178,26,0,重合闸动作
178,167,0,纵联变化量方向
178,166,0,纵联零序方向
178,113,0,工频变化量阻抗
178,78,0,距离Ⅰ段动作
178,79,0,距离Ⅱ段动作
178,80,0,距离Ⅲ段动作
178,55,0,零序过流Ⅱ段
178,56,0,零序过流Ⅲ段
178,114,0,非全相运行故障
178,116,0,距离加速
178,151,0,零序加速
178,88,0,选相无效三跳
178,89,0,单跳失败三跳
178,90,0,单相运行三跳
178,63,0,TV断线过流
178,11,0,投高频保护
178,1,0,投距离保护
178,15,0,投零序保护
178,16,0,重合闸方式1
178,17,0,重合闸方式2
178,8,0,投闭重三跳
178,12,0,通道试验
178,14,0,其他保护停信
178,70,0,跳闸起动重合
178,71,0,三跳起动重合
178,47,0,收发信机告警
178,161,0,A相跳闸位置
178,162,0,B相跳闸位置
178,163,0,C相跳闸位置
178,205,0,合闸压力降低
178,13,0,收信开入
178,131,0,投高频保护S
178,132,0,投距离保护S
178,133,0,投零序保护S
178,134,0,闭重三跳S
[ACC]
1,0,Ia,A,0,A
2,0,Ib,B,0,A
3,0,Ic,C,0,A
4,0,3I0,N,0,A
5,0,Ua,A,0,V
6,0,Ub,B,0,V
7,0,Uc,C,0,V
8,0,3U0,N,0,V
[KG_SETs]
[POW]
[XUJI_FAULT_TYPE]
[ASDU10_REPORT_INF]
[DEV_TYPE_SELECT]
DEV_TYPE=0
[EVENT]
176,1,0,178,26,1,重合闸动作
176,2,0,178,167,1,纵联距离动作
176,3,0,178,166,1,纵联零序方向
176,4,0,178,113,1,工频变化量阻抗
176,5,0,178,78,1,距离Ⅰ段动作
176,6,0,178,79,1,距离Ⅱ段动作
176,7,0,178,80,1,距离Ⅲ段动作
176,8,0,178,55,1,零序过流Ⅱ段
176,9,0,178,56,1,零序过流Ⅲ段
176,10,0,178,114,1,非全相运行故障
176,11,0,178,116,1,距离加速
176,12,0,178,151,1,零序加速
176,13,0,178,88,1,选相无效三跳
176,14,0,178,89,1,单跳失败三跳
176,15,0,178,90,1,单相运行三跳
176,16,0,178,63,1,TV断线过流
176,17,0,178,20,1,跳A
176,18,0,178,21,1,跳B
176,19,0,178,22,1,跳C
176,20,0,178,182,1,起动
[FAULT_PARA]
224,1,1,1,3,2,A,最大故障电流
224,2,1,2,3,2,A,最大零序电流
224,3,1,3,3,2,Km,短路位置
224,4,1,4,3,2,无,故障选相
[SOFT_CNT_INFO]
