[base]
code = beijing,2010-11-22 15:52:32,sifang,PSL641_BJ,,,,,00000000,
name = 南自以太网103接入规约
doc version = v1.20
tool = 1326 config tool
tool version = v1.10
last modified datetime = 2007-1-9 14:27

DIG=内部组号,内部条目号,偏移,GROUP,ENTRY,SOE标记(备用),s10/11标记(备用),自动复归使能标记,YxType,描述
ANA=内部组号,内部条目号,Ratio1,死区1,偏移,Group,Entry,Min,Max,Unit,描述
CTRL=内部组号,内部条目号,偏移,Group,Entry,描述
RELA_DIG_CTRL=GROUP,ENTRY,YX_GROUP,YX_ENTRY,描述
SET=内部组号,内部条目号,偏移,Group,Entry
ZONE=内部组号,内部条目号,偏移,Group,Entry
SET_ELEMENT=GROUP,CPU,ZONE,NO,TYPE,MIN/KGBits,MAX,STEP,精度n,精度m,UNIT,描述
KG_SETs=Group,Entry,Cpu,Zone,BitSeqs,Desc
DI_CHANGE=偏移,Fun,Inf,ChannelId
ACC=偏移,AccNo,通道识别符,通道相位特征,被监视的回路元件,通道单位
POW=内部组号,内部条目号,偏移,Group,Entry,描述
EVENT=GROUP,ENTRY,CPU,FUN,INF,TRIGGER,描述
FAULT_PARA=内部组号,内部条目号,CPU,103组号,103条目号,ParaType,DataType,MIN,MAX,STEP,精度n,精度m,UNIT,描述
SOFT_CNT_INFO=CPU号,组号,偏移
[DIG]
16,1,0,4,1,1,0,1,8,电流Ⅰ段
16,2,0,4,2,1,0,1,8,电流Ⅱ段
16,3,0,4,3,1,0,1,8,电流Ⅲ段
16,4,0,4,4,1,0,1,8,零流Ⅰ段
16,5,0,4,5,1,0,1,8,零流Ⅱ段
16,6,0,4,6,1,0,1,8,零流Ⅲ段
16,7,0,4,7,1,0,1,8,重合闸
16,8,0,4,8,1,0,1,1,低周减载
16,9,0,4,9,1,0,1,1,过负荷
16,10,0,4,10,1,0,1,1,选跳开入
16,11,0,4,11,1,0,1,8,电流加速段
16,12,0,4,12,1,0,1,8,零序加速段
16,13,0,4,13,1,0,1,1,保护启动
16,14,0,4,14,1,0,1,8,电流反时限
16,15,0,4,15,1,0,1,8,零序反时限
16,16,0,4,16,1,0,1,1,低压解列
17,1,0,5,1,1,0,0,4,装置上电
17,2,0,5,2,1,0,0,4,RAM错误
17,3,0,5,3,1,0,0,4,EPROM错误
17,4,0,5,4,1,0,0,4,闪存错误
17,5,0,5,5,1,0,0,4,开出异常
17,6,0,5,6,1,0,0,4,AD错误
17,7,0,5,7,1,0,0,4,零漂越限
17,8,0,5,8,1,0,0,4,无效定值区
17,9,0,5,9,1,0,0,4,定值校验错误
17,10,0,5,10,1,0,0,4,逻辑定值校验错误
17,21,0,5,21,1,0,0,4,电池错误
17,31,0,5,31,1,0,0,4,PT断线
17,32,0,5,32,1,0,0,4,控制回路断线
17,33,0,5,33,1,0,0,4,跳闸失败
17,34,0,5,34,1,0,0,4,重合闸失败
17,35,0,5,35,1,0,0,4,本线路接地!
17,36,0,5,36,1,0,0,4,过负荷告警
17,37,0,5,37,1,0,0,4,接地选跳开入错
18,1,0,8,1,1,0,0,0,闭锁重合
18,2,0,8,2,1,0,0,0,弹簧未储能
18,3,0,8,3,1,0,0,0,备用1
18,4,0,8,4,1,0,0,0,备用2
18,5,0,8,5,1,0,0,0,刀闸1位置
18,6,0,8,6,1,0,0,0,刀闸2位置
18,7,0,8,7,1,0,0,0,刀闸3位置
18,8,0,8,8,1,0,0,0,接地选跳
18,9,0,8,9,1,0,0,0,脉冲P
18,10,0,8,10,1,0,0,0,脉冲Q
18,11,0,8,11,1,0,0,0,远方位置
18,12,0,8,12,1,0,0,0,手动或遥控跳闸
18,13,0,8,13,1,0,0,0,HWJ
18,14,0,8,14,1,0,0,0,运行设置
18,15,0,8,15,1,0,0,0,空
18,16,0,8,16,1,0,0,0,TWJ
18,17,0,8,17,1,0,0,0,开出反馈
18,18,0,8,18,1,0,0,0,GPS
18,19,0,8,19,1,0,0,0,控制回路断线
18,20,0,8,20,1,0,0,0,事故总
18,21,0,8,21,1,0,0,0,告警总
19,1,0,14,1,1,0,0,2,电流Ⅰ段
19,2,0,14,2,1,0,0,2,电流Ⅱ段
19,3,0,14,3,1,0,0,2,电流Ⅲ段
19,4,0,14,4,1,0,0,2,零序Ⅰ段
19,5,0,14,5,1,0,0,2,零序Ⅱ段
19,6,0,14,6,1,0,0,2,零序Ⅲ段
19,7,0,14,7,1,0,0,2,加速
19,8,0,14,8,1,0,0,2,过负荷
19,9,0,14,9,1,0,0,2,低周减载
19,10,0,14,10,1,0,0,2,重合投入
255,0,0,0,0,1,0,0,1,事故总
255,1,0,0,0,1,0,0,4,告警总
255,255,0,0,0,1,0,0,5,通讯中断
[ANA]
64,1,1,0.01,0,6,1,0,65535,A,Ia
64,2,1,0.01,0,6,2,0,65535,A,Ib
64,3,1,0.01,0,6,3,0,65535,A,Ic
64,4,1,0.01,0,6,4,0,65535,A,3I0
64,5,1,0.01,0,6,5,0,65535,V,Ua
64,6,1,0.01,0,6,6,0,65535,V,Ub
64,7,1,0.01,0,6,7,0,65535,V,Uc
64,8,1,0.01,0,6,8,0,65535,V,Ux
64,9,1,0.01,0,6,9,0,65535,A,CI0
[CTRL]
128,1,0,14,1,电流Ⅰ段
128,2,0,14,2,电流Ⅱ段
128,3,0,14,3,电流Ⅲ段
128,4,0,14,4,零序Ⅰ段
128,5,0,14,5,零序Ⅱ段
128,6,0,14,6,零序Ⅲ段
128,7,0,14,7,加速
128,8,0,14,8,过负荷
128,9,0,14,9,低周减载
128,10,0,14,10,重合投入
[RELA_DIG_CTRL]
128,1,19,1,电流Ⅰ段
128,2,19,2,电流Ⅱ段
128,3,19,3,电流Ⅲ段
128,4,19,4,零序Ⅰ段
128,5,19,5,零序Ⅱ段
128,6,19,6,零序Ⅲ段
128,7,19,7,加速
128,8,19,8,过负荷
128,9,19,9,低周减载
128,10,19,10,重合投入
[SET]
144,0,0,3,0
[ZONE]
208,0,0,3,0
[SET_ELEMENT]
144,1,16,1,2,0,65535,1,0,1,,控制字一
144,1,16,2,2,0,65535,1,0,1,,控制字二
144,1,16,3,0,0.20,100.00,0.01,0,1,A,电流Ⅰ段
144,1,16,4,0,0.20,100.00,0.01,0,1,A,电流Ⅱ段
144,1,16,5,0,0.20,100.00,0.01,0,1,A,电流Ⅲ段
144,1,16,6,0,0.00,20.00,0.01,0,1,S,电流Ⅰ段时间
144,1,16,7,0,0.10,20.00,0.01,0,1,S,电流Ⅱ段时间
144,1,16,8,0,0.10,20.00,0.01,0,1,S,电流Ⅲ段时间
144,1,16,9,0,0.10,20.00,0.01,0,1,A,零序Ⅰ段电流
144,1,16,10,0,0.10,20.00,0.01,0,1,A,零序Ⅱ段电流
144,1,16,11,0,0.10,20.00,0.01,0,1,A,零序Ⅲ段电流
144,1,16,12,0,0.00,20.00,0.01,0,1,S,零序Ⅰ段时间
144,1,16,13,0,0.10,20.00,0.01,0,1,S,零序Ⅱ段时间
144,1,16,14,0,0.10,20.00,0.01,0,1,S,零序Ⅲ段时间
144,1,16,15,0,0.20,100.00,0.01,0,1,A,电流加速段
144,1,16,16,0,0.00,5.00,0.01,0,1,S,电流加速段时间
144,1,16,17,0,0.10,20.00,0.01,0,1,A,零序加速段
144,1,16,18,0,0.10,5.00,0.01,0,1,S,零序加速段时间
144,1,16,19,0,1.00,120.00,0.01,0,1,V,电流保护闭锁电压
144,1,16,20,0,0.20,100.00,0.01,0,1,A,电流反时限基准
144,1,16,21,0,0.00,250.00,0.01,0,1,S,电流反时限时间
144,1,16,22,0,0.10,20.00,0.01,0,1,A,零序反时限基准
144,1,16,23,0,0.00,250.00,0.01,0,1,S,零序反时限时间
144,1,16,24,0,0.01,10.00,0.01,0,1,,反时限指数
144,1,16,25,0,0.20,100.00,0.01,0,1,A,过负荷电流
144,1,16,26,0,6.00,9000.00,0.01,0,1,S,过负荷告警时间
144,1,16,27,0,6.00,9000.00,0.01,0,1,S,过负荷跳闸时间
144,1,16,28,0,10.00,50.00,0.01,0,1,度,重合闸检同期定值
144,1,16,29,0,0.20,20.00,0.01,0,1,S,重合闸时间
144,1,16,30,0,45.00,49.50,0.01,0,1,Hz,低周减载频率
144,1,16,31,0,0.10,20.00,0.01,0,1,S,低周减载时间
144,1,16,32,0,10.00,120.00,0.01,0,1,V,低周减载闭锁电压
144,1,16,33,0,0.50,20.00,0.01,0,1,Hz/S,低周减载闭锁滑差
144,1,16,34,0,20.00,60.00,0.01,0,1,V,低压解列电压
144,1,16,35,0,0.10,20.00,0.01,0,1,S,低压解列时间
144,1,16,36,0,10.00,60.00,0.01,0,1,V/S,闭锁电压变化率
144,1,16,37,0,0.01,10.00,0.01,0,1,,ＣＴ变比
144,1,16,38,0,0.01,10.00,0.01,0,1,,ＰＴ变比
144,1,16,39,0,0.00,20.00,0.01,0,1,V,准同期电压差闭锁
144,1,16,40,0,0.00,2.00,0.01,0,1,Hz,频率差闭锁定值
144,1,16,41,0,0.00,5.00,0.01,0,1,Hz/S,准同期加速度闭锁
144,1,16,42,0,0.00,2.00,0.01,0,1,S,合闸导前时间
144,1,16,43,0,0.00,900.00,0.01,0,1,度,导前角度定值
144,1,16,44,0,0.10,200.00,0.01,0,1,S,二次重合时间
[KG_SETs]
[DI_CHANGE]
0,255,1,跳位
0,255,2,合位
0,255,3,启动
0,255,4,跳闸
0,255,5,合闸
[ACC]
0,1,Ia,A,0,A
0,2,Ib,B,0,A
0,3,Ic,C,0,A
0,4,3I0,0,0,A
0,5,Ua,A,0,V
0,6,Ub,B,0,V
0,7,Uc,C,0,V
0,8,Ux,X,0,V
0,9,CI0,C,0,A
[POW]
[EVENT]
176,1,0,4,1,0,电流Ⅰ段
176,2,0,4,2,0,电流Ⅱ段
176,3,0,4,3,0,电流Ⅲ段
176,4,0,4,4,0,零流Ⅰ段
176,5,0,4,5,0,零流Ⅱ段
176,6,0,4,6,0,零流Ⅲ段
176,7,0,4,7,0,重合闸
176,8,0,4,8,0,低周减载
176,9,0,4,9,0,过负荷
176,10,0,4,10,0,选跳开入
176,11,0,4,11,0,电流加速段
176,12,0,4,12,0,零序加速段
176,13,0,4,13,0,保护启动
176,14,0,4,14,0,电流反时限
176,15,0,4,15,0,零序反时限
176,16,0,4,16,0,低压解列
[FAULT_PARA]
224,1,1,224,1,1,3,0,10000,0.001,5,3,,相位
224,2,1,224,2,2,0,0,10000,0.001,5,3,kM,测距
224,3,1,224,3,3,0,0,10000,0.001,5,3,Ω,阻抗
224,4,1,224,4,4,0,0,10000,0.001,5,3,Ω,测距阻抗
224,5,1,224,5,5,0,0,10000,0.001,5,3,A,最大相电流
[SOFT_CNT_INFO]
