[base]
code = 广东,2010-01-29 15:39,张龙,PSL631A,人工录入,广东,0,中调试验室测试用
name = 南自以太网103接入规约
doc version = v1.20
tool = 1326 config tool
tool version = v1.10
last modified datetime = 2007-1-9 14:27

DIG=内部组号,内部条目号,偏移,GROUP,ENTRY,SOE标记(备用),s10/11标记(备用),自动复归使能标记,YxType,描述
ANA=内部组号,内部条目号,Ratio1,死区1,偏移,Group,Entry,Min,Max,Unit,描述
CTRL=内部组号,内部条目号,偏移,Group,Entry,描述
SET=内部组号,内部条目号,偏移,Group,Entry
ZONE=内部组号,内部条目号,偏移,Group,Entry
SET_ELEMENT=GROUP,CPU,ZONE,NO,TYPE,MIN/KGBits,MAX,STEP,精度n,精度m,UNIT,描述
KG_SETs=Group,Entry,Cpu,Zone,BitSeqs,Desc
DI_CHANGE=偏移,Fun,Inf,ChannelId
ACC=偏移,AccNo,通道识别符,通道相位特征,被监视的回路元件,通道单位
POW=内部组号,内部条目号,偏移,Group,Entry,描述
EVENT=GROUP,ENTRY,CPU,FUN,INF,TRIGGER,描述
FAULT_PARA=GROUP,ENTRY,CPU,ParaType,精度n,精度m,UNIT,描述
SOFT_CNT_INFO=CPU号,组号,偏移
[DIG]
16,1,0,4,1,1,0,0,1,充电保护启动
16,2,0,4,2,1,0,0,1,充电保护动作
16,3,0,4,3,1,0,0,1,充电保护复归
16,4,0,4,4,1,0,0,1,过流保护启动
16,5,0,4,5,1,0,0,1,过流保护动作
16,6,0,4,6,1,0,0,1,过流保护复归
16,7,0,4,7,1,0,0,1,三相不一致启动
16,8,0,4,8,1,0,0,1,三相不一致动作
16,9,0,4,9,1,0,0,1,保护三跳出口
16,10,0,4,10,1,0,0,1,三相不一致复归
16,11,0,4,11,1,0,0,1,启动失灵动作
16,12,0,4,12,1,0,0,1,启动失灵返回
16,13,0,4,13,1,0,0,1,失灵重跳A相
16,14,0,4,14,1,0,0,1,失灵重跳B相
16,15,0,4,15,1,0,0,1,失灵重跳C相
16,16,0,4,16,1,0,0,1,失灵重跳三相
16,17,0,4,17,1,0,0,1,失灵CT断线
16,18,0,4,18,1,0,0,1,跳闸失败
16,19,0,4,19,1,0,0,1,TWJ开入异常
16,20,0,4,20,1,0,0,1,TWJ开入异常
16,21,0,4,21,1,0,0,1,保护长期不能复归
16,22,0,4,22,1,0,0,1,跳闸失败返回
17,1,0,5,1,1,0,0,4,装置初始化
17,2,0,5,2,1,0,0,4,RAM错误
17,3,0,5,3,1,0,0,4,EPROM错误
17,4,0,5,4,1,0,0,4,闪存错误
17,5,0,5,5,1,0,0,4,EEPROM错误
17,6,0,5,6,1,0,0,4,定值区无效
17,7,0,5,7,1,0,0,4,定值校验错误
17,8,0,5,8,1,0,0,4,开入异常
17,9,0,5,9,1,0,0,4,开出异常
17,10,0,5,10,1,0,0,4,AD错误
17,11,0,5,11,1,0,0,4,内部电源偏低
17,12,0,5,12,1,0,0,4,零漂越限
17,13,0,5,13,1,0,0,4,PT断线
17,14,0,5,14,1,0,0,4,PT三相失压
17,15,0,5,15,1,0,0,4,PT反序
17,16,0,5,16,1,0,0,4,CT断线
17,17,0,5,17,1,0,0,4,CT不平衡
17,18,0,5,18,1,0,0,4,CT反序
17,19,0,5,19,1,0,0,4,负载不对称
17,20,0,5,20,1,0,0,4,跳位继电器异常
17,21,0,5,21,1,0,0,4,跳闸开入异常
17,22,0,5,22,1,0,0,4,三相不一致异常
17,23,0,5,23,1,0,0,4,PT断线消失
17,24,0,5,24,1,0,0,4,PT三相失压消失
17,25,0,5,25,1,0,0,4,PT反序消失
17,26,0,5,26,1,0,0,4,CT断线消失
17,27,0,5,27,1,0,0,4,CT不平衡消失
17,28,0,5,28,1,0,0,4,CT反序消失
17,29,0,5,29,1,0,0,4,负载不对称消失
17,30,0,5,30,1,0,0,4,跳位继异常消失
17,31,0,5,31,1,0,0,4,跳闸开入异常消失
17,32,0,5,32,1,0,0,4,三相不一致正常
18,1,0,8,1,1,0,0,0,A相跳闸反馈
18,2,0,8,2,1,0,0,0,B相跳闸反馈
18,3,0,8,3,1,0,0,0,C相跳闸反馈
18,4,0,8,4,1,0,0,0,三跳反馈
18,5,0,8,5,1,0,0,0,A相跳位继电器
18,6,0,8,6,1,0,0,0,B相跳位继电器
18,7,0,8,7,1,0,0,0,C相跳位继电器
18,8,0,8,8,1,0,0,0,专用三相不一致
18,9,0,8,9,1,0,0,0,过流压板投入
18,10,0,8,10,1,0,0,0,事故总信号
18,11,0,8,11,1,0,0,0,告警总信号
18,12,0,14,1,1,0,0,0,过流压板S
18,13,0,0,0,1,0,0,5,通信状态
[ANA]
64,1,1,0.01,0,6,1,0.01,100,A,Ia
64,2,1,0.01,0,6,2,0.01,100,A,Ib
64,3,1,0.01,0,6,3,0.01,100,A,Ic
64,4,1,0.01,0,6,4,0.01,100,A,I0
[CTRL]
[SET]
144,0,0,3,0
[ZONE]
208,0,0,0,2
209,0,0,0,3
[SET_ELEMENT]
144,1,16,1,2,,,,3,2,,控制字
144,1,16,2,0,0.05,100,0.01,3,2,A,突变量启动电流值
144,1,16,3,0,0.05,100,0.01,3,2,A,零序电流启动定值
144,1,16,4,0,0.05,100,0.01,3,2,A,启动失灵电流定值
144,1,16,5,0,0.05,100,0.01,3,2,A,充电保护电流定值
144,1,16,6,0,0.05,100,0.01,3,2,A,过流保护电流定值
144,1,16,7,0,0.05,100,0.01,3,2,A,不一致零序定值
144,1,16,8,0,0.05,20,0.01,3,2,S,充电保护动作延时
144,1,16,9,0,0.05,20,0.01,3,2,S,过流保护动作延时
144,1,16,10,0,0.05,20,0.01,3,2,S,不一致动作延时
[KG_SETs]
[DI_CHANGE]
0,255,1,Ａ相跳位继电器
0,255,2,Ｂ相跳位继电器
0,255,3,Ｃ相跳位继电器
0,255,4,Ａ相跳闸
0,255,5,Ｂ相跳闸
0,255,6,Ｃ相跳闸
0,255,7,三相跳闸
0,255,8,三相不一致
[ACC]
0,1,Ia,A,0,A
0,2,Ib,B,0,A
0,3,Ic,C,0,A
0,4,3I0,N,0,A
[POW]
[EVENT]
176,1,0,4,1,0,充电保护启动
176,2,0,4,2,0,充电保护动作
176,3,0,4,3,0,充电保护复归
176,4,0,4,4,0,过流保护启动
176,5,0,4,5,0,过流保护动作
176,6,0,4,6,0,过流保护复归
176,7,0,4,7,0,三相不一致启动
176,8,0,4,8,0,三相不一致动作
176,9,0,4,9,0,保护三跳出口
176,10,0,4,10,0,三相不一致复归
176,11,0,4,11,0,启动失灵动作
176,12,0,4,12,0,启动失灵返回
176,13,0,4,13,0,失灵重跳A相
176,14,0,4,14,0,失灵重跳B相
176,15,0,4,15,0,失灵重跳C相
176,16,0,4,16,0,失灵重跳三相
176,17,0,4,17,0,失灵CT断线
176,18,0,4,18,0,跳闸失败
176,19,0,4,19,0,TWJ开入异常
176,20,0,4,20,0,TWJ开入异常
176,21,0,4,21,0,保护长期不能复归
176,22,0,4,22,0,跳闸失败返回
176,64,0,8,10,0,事故总信号
[FAULT_PARA]
[SOFT_CNT_INFO]
