[base]
code = beijing,2011-01-12 17:16:28,sifang,SL_BJ,,,,,00000000,
name = 成都深兰录波器接入
doc version = v1.10
tool = 1326 config tool
tool version = v1.10
last modified datetime = 2007-1-9 14:27

DIG=内部组号,内部条目号,FUN,INF,YxType,描述
SET=内部组号,内部条目号,Group,No
SET_ELEMENT=GROUP,CPU,ZONE,NO,TYPE,MIN/KGBits,MAX,STEP,精度n,精度m,UNIT,描述
KG_SETs=Group,Entry,Cpu,Zone,BitSeqs,Desc
[DIG]
16,1,16,1,0,正在录波
16,2,16,2,0,录波器在工作
16,3,16,3,4,卡1故障
16,4,16,4,4,卡2故障
16,5,16,5,4,卡3故障
16,6,16,6,4,卡4故障
16,7,16,7,4,卡5故障
16,8,16,8,4,卡6故障
16,9,16,9,4,卡7故障
16,10,16,10,4,卡8故障
255,255,0,0,5,通讯状态
[SET]
144,0,35,0
145,0,30,0
146,0,31,0
147,0,31,1
148,0,32,0
149,0,33,0
[SET_ELEMENT]
144,1,16,1,3,0,65535,1,5,3,,站名
144,1,16,2,3,0,65535,1,5,3,,工作目录
144,1,16,3,3,0,65535,1,5,3,,设置文件名
144,1,16,4,1,0,65535,1,5,3,,站号
144,1,16,5,1,0,65535,1,5,3,,录波器类型
144,1,16,6,1,0,65535,1,5,3,,模拟量卡数
144,1,16,7,1,0,65535,1,5,3,,开关量卡数
144,1,16,8,1,0,65535,1,5,3,,交流电压通道数
144,1,16,9,1,0,65535,1,5,3,,交流电流通道数
144,1,16,10,1,0,65535,1,5,3,,高频通道数
144,1,16,11,1,0,65535,1,5,3,,直流通道数
144,1,16,12,1,0,65535,1,5,3,,开关通道数
144,1,16,13,1,0,65535,1,5,3,,计算通道数
144,1,16,14,1,0,65535,1,5,3,,线路数
145,1,16,1,1,0,65535,1,5,3,,模拟量通道1_通道号
145,1,16,2,3,0,65535,1,5,3,,模拟量通道1_相位
145,1,16,3,3,0,65535,1,5,3,,模拟量通道1_通道属性
145,1,16,4,1,0,65535,1,5,3,,模拟量通道1_相关通道号
145,1,16,5,1,0,65535,1,5,3,,模拟量通道1_组号
145,1,16,6,3,0,65535,1,5,3,,模拟量通道1_单位
145,1,16,7,3,0,65535,1,5,3,,模拟量通道1_通道名称
145,1,16,8,1,0,65535,1,5,3,,模拟量通道2_通道号
145,1,16,9,3,0,65535,1,5,3,,模拟量通道2_相位
145,1,16,10,3,0,65535,1,5,3,,模拟量通道2_通道属性
145,1,16,11,1,0,65535,1,5,3,,模拟量通道2_相关通道号
145,1,16,12,1,0,65535,1,5,3,,模拟量通道2_组号
145,1,16,13,3,0,65535,1,5,3,,模拟量通道2_单位
145,1,16,14,3,0,65535,1,5,3,,模拟量通道2_通道名称
145,1,16,15,1,0,65535,1,5,3,,模拟量通道3_通道号
145,1,16,16,3,0,65535,1,5,3,,模拟量通道3_相位
145,1,16,17,3,0,65535,1,5,3,,模拟量通道3_通道属性
145,1,16,18,1,0,65535,1,5,3,,模拟量通道3_相关通道号
145,1,16,19,1,0,65535,1,5,3,,模拟量通道3_组号
145,1,16,20,3,0,65535,1,5,3,,模拟量通道3_单位
145,1,16,21,3,0,65535,1,5,3,,模拟量通道3_通道名称
145,1,16,22,1,0,65535,1,5,3,,模拟量通道4_通道号
145,1,16,23,3,0,65535,1,5,3,,模拟量通道4_相位
145,1,16,24,3,0,65535,1,5,3,,模拟量通道4_通道属性
145,1,16,25,1,0,65535,1,5,3,,模拟量通道4_相关通道号
145,1,16,26,1,0,65535,1,5,3,,模拟量通道4_组号
145,1,16,27,3,0,65535,1,5,3,,模拟量通道4_单位
145,1,16,28,3,0,65535,1,5,3,,模拟量通道4_通道名称
145,1,16,29,1,0,65535,1,5,3,,模拟量通道5_通道号
145,1,16,30,3,0,65535,1,5,3,,模拟量通道5_相位
145,1,16,31,3,0,65535,1,5,3,,模拟量通道5_通道属性
145,1,16,32,1,0,65535,1,5,3,,模拟量通道5_相关通道号
145,1,16,33,1,0,65535,1,5,3,,模拟量通道5_组号
145,1,16,34,3,0,65535,1,5,3,,模拟量通道5_单位
145,1,16,35,3,0,65535,1,5,3,,模拟量通道5_通道名称
145,1,16,36,1,0,65535,1,5,3,,模拟量通道6_通道号
145,1,16,37,3,0,65535,1,5,3,,模拟量通道6_相位
145,1,16,38,3,0,65535,1,5,3,,模拟量通道6_通道属性
145,1,16,39,1,0,65535,1,5,3,,模拟量通道6_相关通道号
145,1,16,40,1,0,65535,1,5,3,,模拟量通道6_组号
145,1,16,41,3,0,65535,1,5,3,,模拟量通道6_单位
145,1,16,42,3,0,65535,1,5,3,,模拟量通道6_通道名称
145,1,16,43,1,0,65535,1,5,3,,模拟量通道7_通道号
145,1,16,44,3,0,65535,1,5,3,,模拟量通道7_相位
145,1,16,45,3,0,65535,1,5,3,,模拟量通道7_通道属性
145,1,16,46,1,0,65535,1,5,3,,模拟量通道7_相关通道号
145,1,16,47,1,0,65535,1,5,3,,模拟量通道7_组号
145,1,16,48,3,0,65535,1,5,3,,模拟量通道7_单位
145,1,16,49,3,0,65535,1,5,3,,模拟量通道7_通道名称
145,1,16,50,1,0,65535,1,5,3,,模拟量通道8_通道号
145,1,16,51,3,0,65535,1,5,3,,模拟量通道8_相位
145,1,16,52,3,0,65535,1,5,3,,模拟量通道8_通道属性
145,1,16,53,1,0,65535,1,5,3,,模拟量通道8_相关通道号
145,1,16,54,1,0,65535,1,5,3,,模拟量通道8_组号
145,1,16,55,3,0,65535,1,5,3,,模拟量通道8_单位
145,1,16,56,3,0,65535,1,5,3,,模拟量通道8_通道名称
145,1,16,57,1,0,65535,1,5,3,,模拟量通道9_通道号
145,1,16,58,3,0,65535,1,5,3,,模拟量通道9_相位
145,1,16,59,3,0,65535,1,5,3,,模拟量通道9_通道属性
145,1,16,60,1,0,65535,1,5,3,,模拟量通道9_相关通道号
145,1,16,61,1,0,65535,1,5,3,,模拟量通道9_组号
145,1,16,62,3,0,65535,1,5,3,,模拟量通道9_单位
145,1,16,63,3,0,65535,1,5,3,,模拟量通道9_通道名称
145,1,16,64,1,0,65535,1,5,3,,模拟量通道10_通道号
145,1,16,65,3,0,65535,1,5,3,,模拟量通道10_相位
145,1,16,66,3,0,65535,1,5,3,,模拟量通道10_通道属性
145,1,16,67,1,0,65535,1,5,3,,模拟量通道10_相关通道号
145,1,16,68,1,0,65535,1,5,3,,模拟量通道10_组号
145,1,16,69,3,0,65535,1,5,3,,模拟量通道10_单位
145,1,16,70,3,0,65535,1,5,3,,模拟量通道10_通道名称
145,1,16,71,1,0,65535,1,5,3,,模拟量通道11_通道号
145,1,16,72,3,0,65535,1,5,3,,模拟量通道11_相位
145,1,16,73,3,0,65535,1,5,3,,模拟量通道11_通道属性
145,1,16,74,1,0,65535,1,5,3,,模拟量通道11_相关通道号
145,1,16,75,1,0,65535,1,5,3,,模拟量通道11_组号
145,1,16,76,3,0,65535,1,5,3,,模拟量通道11_单位
145,1,16,77,3,0,65535,1,5,3,,模拟量通道11_通道名称
145,1,16,78,1,0,65535,1,5,3,,模拟量通道12_通道号
145,1,16,79,3,0,65535,1,5,3,,模拟量通道12_相位
145,1,16,80,3,0,65535,1,5,3,,模拟量通道12_通道属性
145,1,16,81,1,0,65535,1,5,3,,模拟量通道12_相关通道号
145,1,16,82,1,0,65535,1,5,3,,模拟量通道12_组号
145,1,16,83,3,0,65535,1,5,3,,模拟量通道12_单位
145,1,16,84,3,0,65535,1,5,3,,模拟量通道12_通道名称
145,1,16,85,1,0,65535,1,5,3,,模拟量通道13_通道号
145,1,16,86,3,0,65535,1,5,3,,模拟量通道13_相位
145,1,16,87,3,0,65535,1,5,3,,模拟量通道13_通道属性
145,1,16,88,1,0,65535,1,5,3,,模拟量通道13_相关通道号
145,1,16,89,1,0,65535,1,5,3,,模拟量通道13_组号
145,1,16,90,3,0,65535,1,5,3,,模拟量通道13_单位
145,1,16,91,3,0,65535,1,5,3,,模拟量通道13_通道名称
145,1,16,92,1,0,65535,1,5,3,,模拟量通道14_通道号
145,1,16,93,3,0,65535,1,5,3,,模拟量通道14_相位
145,1,16,94,3,0,65535,1,5,3,,模拟量通道14_通道属性
145,1,16,95,1,0,65535,1,5,3,,模拟量通道14_相关通道号
145,1,16,96,1,0,65535,1,5,3,,模拟量通道14_组号
145,1,16,97,3,0,65535,1,5,3,,模拟量通道14_单位
145,1,16,98,3,0,65535,1,5,3,,模拟量通道14_通道名称
145,1,16,99,1,0,65535,1,5,3,,模拟量通道15_通道号
145,1,16,100,3,0,65535,1,5,3,,模拟量通道15_相位
145,1,16,101,3,0,65535,1,5,3,,模拟量通道15_通道属性
145,1,16,102,1,0,65535,1,5,3,,模拟量通道15_相关通道号
145,1,16,103,1,0,65535,1,5,3,,模拟量通道15_组号
145,1,16,104,3,0,65535,1,5,3,,模拟量通道15_单位
145,1,16,105,3,0,65535,1,5,3,,模拟量通道15_通道名称
145,1,16,106,1,0,65535,1,5,3,,模拟量通道16_通道号
145,1,16,107,3,0,65535,1,5,3,,模拟量通道16_相位
145,1,16,108,3,0,65535,1,5,3,,模拟量通道16_通道属性
145,1,16,109,1,0,65535,1,5,3,,模拟量通道16_相关通道号
145,1,16,110,1,0,65535,1,5,3,,模拟量通道16_组号
145,1,16,111,3,0,65535,1,5,3,,模拟量通道16_单位
145,1,16,112,3,0,65535,1,5,3,,模拟量通道16_通道名称
145,1,16,113,1,0,65535,1,5,3,,模拟量通道17_通道号
145,1,16,114,3,0,65535,1,5,3,,模拟量通道17_相位
145,1,16,115,3,0,65535,1,5,3,,模拟量通道17_通道属性
145,1,16,116,1,0,65535,1,5,3,,模拟量通道17_相关通道号
145,1,16,117,1,0,65535,1,5,3,,模拟量通道17_组号
145,1,16,118,3,0,65535,1,5,3,,模拟量通道17_单位
145,1,16,119,3,0,65535,1,5,3,,模拟量通道17_通道名称
145,1,16,120,1,0,65535,1,5,3,,模拟量通道18_通道号
145,1,16,121,3,0,65535,1,5,3,,模拟量通道18_相位
145,1,16,122,3,0,65535,1,5,3,,模拟量通道18_通道属性
145,1,16,123,1,0,65535,1,5,3,,模拟量通道18_相关通道号
145,1,16,124,1,0,65535,1,5,3,,模拟量通道18_组号
145,1,16,125,3,0,65535,1,5,3,,模拟量通道18_单位
145,1,16,126,3,0,65535,1,5,3,,模拟量通道18_通道名称
145,1,16,127,1,0,65535,1,5,3,,模拟量通道19_通道号
145,1,16,128,3,0,65535,1,5,3,,模拟量通道19_相位
145,1,16,129,3,0,65535,1,5,3,,模拟量通道19_通道属性
145,1,16,130,1,0,65535,1,5,3,,模拟量通道19_相关通道号
145,1,16,131,1,0,65535,1,5,3,,模拟量通道19_组号
145,1,16,132,3,0,65535,1,5,3,,模拟量通道19_单位
145,1,16,133,3,0,65535,1,5,3,,模拟量通道19_通道名称
145,1,16,134,1,0,65535,1,5,3,,模拟量通道20_通道号
145,1,16,135,3,0,65535,1,5,3,,模拟量通道20_相位
145,1,16,136,3,0,65535,1,5,3,,模拟量通道20_通道属性
145,1,16,137,1,0,65535,1,5,3,,模拟量通道20_相关通道号
145,1,16,138,1,0,65535,1,5,3,,模拟量通道20_组号
145,1,16,139,3,0,65535,1,5,3,,模拟量通道20_单位
145,1,16,140,3,0,65535,1,5,3,,模拟量通道20_通道名称
145,1,16,141,1,0,65535,1,5,3,,模拟量通道21_通道号
145,1,16,142,3,0,65535,1,5,3,,模拟量通道21_相位
145,1,16,143,3,0,65535,1,5,3,,模拟量通道21_通道属性
145,1,16,144,1,0,65535,1,5,3,,模拟量通道21_相关通道号
145,1,16,145,1,0,65535,1,5,3,,模拟量通道21_组号
145,1,16,146,3,0,65535,1,5,3,,模拟量通道21_单位
145,1,16,147,3,0,65535,1,5,3,,模拟量通道21_通道名称
145,1,16,148,1,0,65535,1,5,3,,模拟量通道22_通道号
145,1,16,149,3,0,65535,1,5,3,,模拟量通道22_相位
145,1,16,150,3,0,65535,1,5,3,,模拟量通道22_通道属性
145,1,16,151,1,0,65535,1,5,3,,模拟量通道22_相关通道号
145,1,16,152,1,0,65535,1,5,3,,模拟量通道22_组号
145,1,16,153,3,0,65535,1,5,3,,模拟量通道22_单位
145,1,16,154,3,0,65535,1,5,3,,模拟量通道22_通道名称
145,1,16,155,1,0,65535,1,5,3,,模拟量通道23_通道号
145,1,16,156,3,0,65535,1,5,3,,模拟量通道23_相位
145,1,16,157,3,0,65535,1,5,3,,模拟量通道23_通道属性
145,1,16,158,1,0,65535,1,5,3,,模拟量通道23_相关通道号
145,1,16,159,1,0,65535,1,5,3,,模拟量通道23_组号
145,1,16,160,3,0,65535,1,5,3,,模拟量通道23_单位
145,1,16,161,3,0,65535,1,5,3,,模拟量通道23_通道名称
145,1,16,162,1,0,65535,1,5,3,,模拟量通道24_通道号
145,1,16,163,3,0,65535,1,5,3,,模拟量通道24_相位
145,1,16,164,3,0,65535,1,5,3,,模拟量通道24_通道属性
145,1,16,165,1,0,65535,1,5,3,,模拟量通道24_相关通道号
145,1,16,166,1,0,65535,1,5,3,,模拟量通道24_组号
145,1,16,167,3,0,65535,1,5,3,,模拟量通道24_单位
145,1,16,168,3,0,65535,1,5,3,,模拟量通道24_通道名称
145,1,16,169,1,0,65535,1,5,3,,模拟量通道25_通道号
145,1,16,170,3,0,65535,1,5,3,,模拟量通道25_相位
145,1,16,171,3,0,65535,1,5,3,,模拟量通道25_通道属性
145,1,16,172,1,0,65535,1,5,3,,模拟量通道25_相关通道号
145,1,16,173,1,0,65535,1,5,3,,模拟量通道25_组号
145,1,16,174,3,0,65535,1,5,3,,模拟量通道25_单位
145,1,16,175,3,0,65535,1,5,3,,模拟量通道25_通道名称
145,1,16,176,1,0,65535,1,5,3,,模拟量通道26_通道号
145,1,16,177,3,0,65535,1,5,3,,模拟量通道26_相位
145,1,16,178,3,0,65535,1,5,3,,模拟量通道26_通道属性
145,1,16,179,1,0,65535,1,5,3,,模拟量通道26_相关通道号
145,1,16,180,1,0,65535,1,5,3,,模拟量通道26_组号
145,1,16,181,3,0,65535,1,5,3,,模拟量通道26_单位
145,1,16,182,3,0,65535,1,5,3,,模拟量通道26_通道名称
145,1,16,183,1,0,65535,1,5,3,,模拟量通道27_通道号
145,1,16,184,3,0,65535,1,5,3,,模拟量通道27_相位
145,1,16,185,3,0,65535,1,5,3,,模拟量通道27_通道属性
145,1,16,186,1,0,65535,1,5,3,,模拟量通道27_相关通道号
145,1,16,187,1,0,65535,1,5,3,,模拟量通道27_组号
145,1,16,188,3,0,65535,1,5,3,,模拟量通道27_单位
145,1,16,189,3,0,65535,1,5,3,,模拟量通道27_通道名称
145,1,16,190,1,0,65535,1,5,3,,模拟量通道28_通道号
145,1,16,191,3,0,65535,1,5,3,,模拟量通道28_相位
145,1,16,192,3,0,65535,1,5,3,,模拟量通道28_通道属性
145,1,16,193,1,0,65535,1,5,3,,模拟量通道28_相关通道号
145,1,16,194,1,0,65535,1,5,3,,模拟量通道28_组号
145,1,16,195,3,0,65535,1,5,3,,模拟量通道28_单位
145,1,16,196,3,0,65535,1,5,3,,模拟量通道28_通道名称
145,1,16,197,1,0,65535,1,5,3,,模拟量通道29_通道号
145,1,16,198,3,0,65535,1,5,3,,模拟量通道29_相位
145,1,16,199,3,0,65535,1,5,3,,模拟量通道29_通道属性
145,1,16,200,1,0,65535,1,5,3,,模拟量通道29_相关通道号
145,1,16,201,1,0,65535,1,5,3,,模拟量通道29_组号
145,1,16,202,3,0,65535,1,5,3,,模拟量通道29_单位
145,1,16,203,3,0,65535,1,5,3,,模拟量通道29_通道名称
145,1,16,204,1,0,65535,1,5,3,,模拟量通道30_通道号
145,1,16,205,3,0,65535,1,5,3,,模拟量通道30_相位
145,1,16,206,3,0,65535,1,5,3,,模拟量通道30_通道属性
145,1,16,207,1,0,65535,1,5,3,,模拟量通道30_相关通道号
145,1,16,208,1,0,65535,1,5,3,,模拟量通道30_组号
145,1,16,209,3,0,65535,1,5,3,,模拟量通道30_单位
145,1,16,210,3,0,65535,1,5,3,,模拟量通道30_通道名称
145,1,16,211,1,0,65535,1,5,3,,模拟量通道31_通道号
145,1,16,212,3,0,65535,1,5,3,,模拟量通道31_相位
145,1,16,213,3,0,65535,1,5,3,,模拟量通道31_通道属性
145,1,16,214,1,0,65535,1,5,3,,模拟量通道31_相关通道号
145,1,16,215,1,0,65535,1,5,3,,模拟量通道31_组号
145,1,16,216,3,0,65535,1,5,3,,模拟量通道31_单位
145,1,16,217,3,0,65535,1,5,3,,模拟量通道31_通道名称
145,1,16,218,1,0,65535,1,5,3,,模拟量通道32_通道号
145,1,16,219,3,0,65535,1,5,3,,模拟量通道32_相位
145,1,16,220,3,0,65535,1,5,3,,模拟量通道32_通道属性
145,1,16,221,1,0,65535,1,5,3,,模拟量通道32_相关通道号
145,1,16,222,1,0,65535,1,5,3,,模拟量通道32_组号
145,1,16,223,3,0,65535,1,5,3,,模拟量通道32_单位
145,1,16,224,3,0,65535,1,5,3,,模拟量通道32_通道名称
146,1,16,1,1,0,65535,1,5,3,,开关量通道1_通道号
146,1,16,2,1,0,65535,1,5,3,,开关量通道1_启动标志
146,1,16,3,1,0,65535,1,5,3,,开关量通道1_初始状态
146,1,16,4,3,0,65535,1,5,3,,开关量通道1_开关名称
146,1,16,5,1,0,65535,1,5,3,,开关量通道2_通道号
146,1,16,6,1,0,65535,1,5,3,,开关量通道2_启动标志
146,1,16,7,1,0,65535,1,5,3,,开关量通道2_初始状态
146,1,16,8,3,0,65535,1,5,3,,开关量通道2_开关名称
146,1,16,9,1,0,65535,1,5,3,,开关量通道3_通道号
146,1,16,10,1,0,65535,1,5,3,,开关量通道3_启动标志
146,1,16,11,1,0,65535,1,5,3,,开关量通道3_初始状态
146,1,16,12,3,0,65535,1,5,3,,开关量通道3_开关名称
146,1,16,13,1,0,65535,1,5,3,,开关量通道4_通道号
146,1,16,14,1,0,65535,1,5,3,,开关量通道4_启动标志
146,1,16,15,1,0,65535,1,5,3,,开关量通道4_初始状态
146,1,16,16,3,0,65535,1,5,3,,开关量通道4_开关名称
146,1,16,17,1,0,65535,1,5,3,,开关量通道5_通道号
146,1,16,18,1,0,65535,1,5,3,,开关量通道5_启动标志
146,1,16,19,1,0,65535,1,5,3,,开关量通道5_初始状态
146,1,16,20,3,0,65535,1,5,3,,开关量通道5_开关名称
146,1,16,21,1,0,65535,1,5,3,,开关量通道6_通道号
146,1,16,22,1,0,65535,1,5,3,,开关量通道6_启动标志
146,1,16,23,1,0,65535,1,5,3,,开关量通道6_初始状态
146,1,16,24,3,0,65535,1,5,3,,开关量通道6_开关名称
146,1,16,25,1,0,65535,1,5,3,,开关量通道7_通道号
146,1,16,26,1,0,65535,1,5,3,,开关量通道7_启动标志
146,1,16,27,1,0,65535,1,5,3,,开关量通道7_初始状态
146,1,16,28,3,0,65535,1,5,3,,开关量通道7_开关名称
146,1,16,29,1,0,65535,1,5,3,,开关量通道8_通道号
146,1,16,30,1,0,65535,1,5,3,,开关量通道8_启动标志
146,1,16,31,1,0,65535,1,5,3,,开关量通道8_初始状态
146,1,16,32,3,0,65535,1,5,3,,开关量通道8_开关名称
146,1,16,33,1,0,65535,1,5,3,,开关量通道9_通道号
146,1,16,34,1,0,65535,1,5,3,,开关量通道9_启动标志
146,1,16,35,1,0,65535,1,5,3,,开关量通道9_初始状态
146,1,16,36,3,0,65535,1,5,3,,开关量通道9_开关名称
146,1,16,37,1,0,65535,1,5,3,,开关量通道10_通道号
146,1,16,38,1,0,65535,1,5,3,,开关量通道10_启动标志
146,1,16,39,1,0,65535,1,5,3,,开关量通道10_初始状态
146,1,16,40,3,0,65535,1,5,3,,开关量通道10_开关名称
146,1,16,41,1,0,65535,1,5,3,,开关量通道11_通道号
146,1,16,42,1,0,65535,1,5,3,,开关量通道11_启动标志
146,1,16,43,1,0,65535,1,5,3,,开关量通道11_初始状态
146,1,16,44,3,0,65535,1,5,3,,开关量通道11_开关名称
146,1,16,45,1,0,65535,1,5,3,,开关量通道12_通道号
146,1,16,46,1,0,65535,1,5,3,,开关量通道12_启动标志
146,1,16,47,1,0,65535,1,5,3,,开关量通道12_初始状态
146,1,16,48,3,0,65535,1,5,3,,开关量通道12_开关名称
146,1,16,49,1,0,65535,1,5,3,,开关量通道13_通道号
146,1,16,50,1,0,65535,1,5,3,,开关量通道13_启动标志
146,1,16,51,1,0,65535,1,5,3,,开关量通道13_初始状态
146,1,16,52,3,0,65535,1,5,3,,开关量通道13_开关名称
146,1,16,53,1,0,65535,1,5,3,,开关量通道14_通道号
146,1,16,54,1,0,65535,1,5,3,,开关量通道14_启动标志
146,1,16,55,1,0,65535,1,5,3,,开关量通道14_初始状态
146,1,16,56,3,0,65535,1,5,3,,开关量通道14_开关名称
146,1,16,57,1,0,65535,1,5,3,,开关量通道15_通道号
146,1,16,58,1,0,65535,1,5,3,,开关量通道15_启动标志
146,1,16,59,1,0,65535,1,5,3,,开关量通道15_初始状态
146,1,16,60,3,0,65535,1,5,3,,开关量通道15_开关名称
146,1,16,61,1,0,65535,1,5,3,,开关量通道16_通道号
146,1,16,62,1,0,65535,1,5,3,,开关量通道16_启动标志
146,1,16,63,1,0,65535,1,5,3,,开关量通道16_初始状态
146,1,16,64,3,0,65535,1,5,3,,开关量通道16_开关名称
146,1,16,65,1,0,65535,1,5,3,,开关量通道17_通道号
146,1,16,66,1,0,65535,1,5,3,,开关量通道17_启动标志
146,1,16,67,1,0,65535,1,5,3,,开关量通道17_初始状态
146,1,16,68,3,0,65535,1,5,3,,开关量通道17_开关名称
146,1,16,69,1,0,65535,1,5,3,,开关量通道18_通道号
146,1,16,70,1,0,65535,1,5,3,,开关量通道18_启动标志
146,1,16,71,1,0,65535,1,5,3,,开关量通道18_初始状态
146,1,16,72,3,0,65535,1,5,3,,开关量通道18_开关名称
146,1,16,73,1,0,65535,1,5,3,,开关量通道19_通道号
146,1,16,74,1,0,65535,1,5,3,,开关量通道19_启动标志
146,1,16,75,1,0,65535,1,5,3,,开关量通道19_初始状态
146,1,16,76,3,0,65535,1,5,3,,开关量通道19_开关名称
146,1,16,77,1,0,65535,1,5,3,,开关量通道20_通道号
146,1,16,78,1,0,65535,1,5,3,,开关量通道20_启动标志
146,1,16,79,1,0,65535,1,5,3,,开关量通道20_初始状态
146,1,16,80,3,0,65535,1,5,3,,开关量通道20_开关名称
146,1,16,81,1,0,65535,1,5,3,,开关量通道21_通道号
146,1,16,82,1,0,65535,1,5,3,,开关量通道21_启动标志
146,1,16,83,1,0,65535,1,5,3,,开关量通道21_初始状态
146,1,16,84,3,0,65535,1,5,3,,开关量通道21_开关名称
146,1,16,85,1,0,65535,1,5,3,,开关量通道22_通道号
146,1,16,86,1,0,65535,1,5,3,,开关量通道22_启动标志
146,1,16,87,1,0,65535,1,5,3,,开关量通道22_初始状态
146,1,16,88,3,0,65535,1,5,3,,开关量通道22_开关名称
146,1,16,89,1,0,65535,1,5,3,,开关量通道23_通道号
146,1,16,90,1,0,65535,1,5,3,,开关量通道23_启动标志
146,1,16,91,1,0,65535,1,5,3,,开关量通道23_初始状态
146,1,16,92,3,0,65535,1,5,3,,开关量通道23_开关名称
146,1,16,93,1,0,65535,1,5,3,,开关量通道24_通道号
146,1,16,94,1,0,65535,1,5,3,,开关量通道24_启动标志
146,1,16,95,1,0,65535,1,5,3,,开关量通道24_初始状态
146,1,16,96,3,0,65535,1,5,3,,开关量通道24_开关名称
146,1,16,97,1,0,65535,1,5,3,,开关量通道25_通道号
146,1,16,98,1,0,65535,1,5,3,,开关量通道25_启动标志
146,1,16,99,1,0,65535,1,5,3,,开关量通道25_初始状态
146,1,16,100,3,0,65535,1,5,3,,开关量通道25_开关名称
146,1,16,101,1,0,65535,1,5,3,,开关量通道26_通道号
146,1,16,102,1,0,65535,1,5,3,,开关量通道26_启动标志
146,1,16,103,1,0,65535,1,5,3,,开关量通道26_初始状态
146,1,16,104,3,0,65535,1,5,3,,开关量通道26_开关名称
146,1,16,105,1,0,65535,1,5,3,,开关量通道27_通道号
146,1,16,106,1,0,65535,1,5,3,,开关量通道27_启动标志
146,1,16,107,1,0,65535,1,5,3,,开关量通道27_初始状态
146,1,16,108,3,0,65535,1,5,3,,开关量通道27_开关名称
146,1,16,109,1,0,65535,1,5,3,,开关量通道28_通道号
146,1,16,110,1,0,65535,1,5,3,,开关量通道28_启动标志
146,1,16,111,1,0,65535,1,5,3,,开关量通道28_初始状态
146,1,16,112,3,0,65535,1,5,3,,开关量通道28_开关名称
146,1,16,113,1,0,65535,1,5,3,,开关量通道29_通道号
146,1,16,114,1,0,65535,1,5,3,,开关量通道29_启动标志
146,1,16,115,1,0,65535,1,5,3,,开关量通道29_初始状态
146,1,16,116,3,0,65535,1,5,3,,开关量通道29_开关名称
146,1,16,117,1,0,65535,1,5,3,,开关量通道30_通道号
146,1,16,118,1,0,65535,1,5,3,,开关量通道30_启动标志
146,1,16,119,1,0,65535,1,5,3,,开关量通道30_初始状态
146,1,16,120,3,0,65535,1,5,3,,开关量通道30_开关名称
146,1,16,121,1,0,65535,1,5,3,,开关量通道31_通道号
146,1,16,122,1,0,65535,1,5,3,,开关量通道31_启动标志
146,1,16,123,1,0,65535,1,5,3,,开关量通道31_初始状态
146,1,16,124,3,0,65535,1,5,3,,开关量通道31_开关名称
146,1,16,125,1,0,65535,1,5,3,,开关量通道32_通道号
146,1,16,126,1,0,65535,1,5,3,,开关量通道32_启动标志
146,1,16,127,1,0,65535,1,5,3,,开关量通道32_初始状态
146,1,16,128,3,0,65535,1,5,3,,开关量通道32_开关名称
146,1,16,129,1,0,65535,1,5,3,,开关量通道33_通道号
146,1,16,130,1,0,65535,1,5,3,,开关量通道33_启动标志
146,1,16,131,1,0,65535,1,5,3,,开关量通道33_初始状态
146,1,16,132,3,0,65535,1,5,3,,开关量通道33_开关名称
146,1,16,133,1,0,65535,1,5,3,,开关量通道34_通道号
146,1,16,134,1,0,65535,1,5,3,,开关量通道34_启动标志
146,1,16,135,1,0,65535,1,5,3,,开关量通道34_初始状态
146,1,16,136,3,0,65535,1,5,3,,开关量通道34_开关名称
146,1,16,137,1,0,65535,1,5,3,,开关量通道35_通道号
146,1,16,138,1,0,65535,1,5,3,,开关量通道35_启动标志
146,1,16,139,1,0,65535,1,5,3,,开关量通道35_初始状态
146,1,16,140,3,0,65535,1,5,3,,开关量通道35_开关名称
146,1,16,141,1,0,65535,1,5,3,,开关量通道36_通道号
146,1,16,142,1,0,65535,1,5,3,,开关量通道36_启动标志
146,1,16,143,1,0,65535,1,5,3,,开关量通道36_初始状态
146,1,16,144,3,0,65535,1,5,3,,开关量通道36_开关名称
146,1,16,145,1,0,65535,1,5,3,,开关量通道37_通道号
146,1,16,146,1,0,65535,1,5,3,,开关量通道37_启动标志
146,1,16,147,1,0,65535,1,5,3,,开关量通道37_初始状态
146,1,16,148,3,0,65535,1,5,3,,开关量通道37_开关名称
146,1,16,149,1,0,65535,1,5,3,,开关量通道38_通道号
146,1,16,150,1,0,65535,1,5,3,,开关量通道38_启动标志
146,1,16,151,1,0,65535,1,5,3,,开关量通道38_初始状态
146,1,16,152,3,0,65535,1,5,3,,开关量通道38_开关名称
146,1,16,153,1,0,65535,1,5,3,,开关量通道39_通道号
146,1,16,154,1,0,65535,1,5,3,,开关量通道39_启动标志
146,1,16,155,1,0,65535,1,5,3,,开关量通道39_初始状态
146,1,16,156,3,0,65535,1,5,3,,开关量通道39_开关名称
146,1,16,157,1,0,65535,1,5,3,,开关量通道40_通道号
146,1,16,158,1,0,65535,1,5,3,,开关量通道40_启动标志
146,1,16,159,1,0,65535,1,5,3,,开关量通道40_初始状态
146,1,16,160,3,0,65535,1,5,3,,开关量通道40_开关名称
146,1,16,161,1,0,65535,1,5,3,,开关量通道41_通道号
146,1,16,162,1,0,65535,1,5,3,,开关量通道41_启动标志
146,1,16,163,1,0,65535,1,5,3,,开关量通道41_初始状态
146,1,16,164,3,0,65535,1,5,3,,开关量通道41_开关名称
146,1,16,165,1,0,65535,1,5,3,,开关量通道42_通道号
146,1,16,166,1,0,65535,1,5,3,,开关量通道42_启动标志
146,1,16,167,1,0,65535,1,5,3,,开关量通道42_初始状态
146,1,16,168,3,0,65535,1,5,3,,开关量通道42_开关名称
146,1,16,169,1,0,65535,1,5,3,,开关量通道43_通道号
146,1,16,170,1,0,65535,1,5,3,,开关量通道43_启动标志
146,1,16,171,1,0,65535,1,5,3,,开关量通道43_初始状态
146,1,16,172,3,0,65535,1,5,3,,开关量通道43_开关名称
146,1,16,173,1,0,65535,1,5,3,,开关量通道44_通道号
146,1,16,174,1,0,65535,1,5,3,,开关量通道44_启动标志
146,1,16,175,1,0,65535,1,5,3,,开关量通道44_初始状态
146,1,16,176,3,0,65535,1,5,3,,开关量通道44_开关名称
146,1,16,177,1,0,65535,1,5,3,,开关量通道45_通道号
146,1,16,178,1,0,65535,1,5,3,,开关量通道45_启动标志
146,1,16,179,1,0,65535,1,5,3,,开关量通道45_初始状态
146,1,16,180,3,0,65535,1,5,3,,开关量通道45_开关名称
146,1,16,181,1,0,65535,1,5,3,,开关量通道46_通道号
146,1,16,182,1,0,65535,1,5,3,,开关量通道46_启动标志
146,1,16,183,1,0,65535,1,5,3,,开关量通道46_初始状态
146,1,16,184,3,0,65535,1,5,3,,开关量通道46_开关名称
146,1,16,185,1,0,65535,1,5,3,,开关量通道47_通道号
146,1,16,186,1,0,65535,1,5,3,,开关量通道47_启动标志
146,1,16,187,1,0,65535,1,5,3,,开关量通道47_初始状态
146,1,16,188,3,0,65535,1,5,3,,开关量通道47_开关名称
146,1,16,189,1,0,65535,1,5,3,,开关量通道48_通道号
146,1,16,190,1,0,65535,1,5,3,,开关量通道48_启动标志
146,1,16,191,1,0,65535,1,5,3,,开关量通道48_初始状态
146,1,16,192,3,0,65535,1,5,3,,开关量通道48_开关名称
146,1,16,193,1,0,65535,1,5,3,,开关量通道49_通道号
146,1,16,194,1,0,65535,1,5,3,,开关量通道49_启动标志
146,1,16,195,1,0,65535,1,5,3,,开关量通道49_初始状态
146,1,16,196,3,0,65535,1,5,3,,开关量通道49_开关名称
146,1,16,197,1,0,65535,1,5,3,,开关量通道50_通道号
146,1,16,198,1,0,65535,1,5,3,,开关量通道50_启动标志
146,1,16,199,1,0,65535,1,5,3,,开关量通道50_初始状态
146,1,16,200,3,0,65535,1,5,3,,开关量通道50_开关名称
146,1,16,201,1,0,65535,1,5,3,,开关量通道51_通道号
146,1,16,202,1,0,65535,1,5,3,,开关量通道51_启动标志
146,1,16,203,1,0,65535,1,5,3,,开关量通道51_初始状态
146,1,16,204,3,0,65535,1,5,3,,开关量通道51_开关名称
146,1,16,205,1,0,65535,1,5,3,,开关量通道52_通道号
146,1,16,206,1,0,65535,1,5,3,,开关量通道52_启动标志
146,1,16,207,1,0,65535,1,5,3,,开关量通道52_初始状态
146,1,16,208,3,0,65535,1,5,3,,开关量通道52_开关名称
146,1,16,209,1,0,65535,1,5,3,,开关量通道53_通道号
146,1,16,210,1,0,65535,1,5,3,,开关量通道53_启动标志
146,1,16,211,1,0,65535,1,5,3,,开关量通道53_初始状态
146,1,16,212,3,0,65535,1,5,3,,开关量通道53_开关名称
146,1,16,213,1,0,65535,1,5,3,,开关量通道54_通道号
146,1,16,214,1,0,65535,1,5,3,,开关量通道54_启动标志
146,1,16,215,1,0,65535,1,5,3,,开关量通道54_初始状态
146,1,16,216,3,0,65535,1,5,3,,开关量通道54_开关名称
146,1,16,217,1,0,65535,1,5,3,,开关量通道55_通道号
146,1,16,218,1,0,65535,1,5,3,,开关量通道55_启动标志
146,1,16,219,1,0,65535,1,5,3,,开关量通道55_初始状态
146,1,16,220,3,0,65535,1,5,3,,开关量通道55_开关名称
146,1,16,221,1,0,65535,1,5,3,,开关量通道56_通道号
146,1,16,222,1,0,65535,1,5,3,,开关量通道56_启动标志
146,1,16,223,1,0,65535,1,5,3,,开关量通道56_初始状态
146,1,16,224,3,0,65535,1,5,3,,开关量通道56_开关名称
146,1,16,225,1,0,65535,1,5,3,,开关量通道57_通道号
146,1,16,226,1,0,65535,1,5,3,,开关量通道57_启动标志
146,1,16,227,1,0,65535,1,5,3,,开关量通道57_初始状态
146,1,16,228,3,0,65535,1,5,3,,开关量通道57_开关名称
146,1,16,229,1,0,65535,1,5,3,,开关量通道58_通道号
146,1,16,230,1,0,65535,1,5,3,,开关量通道58_启动标志
146,1,16,231,1,0,65535,1,5,3,,开关量通道58_初始状态
146,1,16,232,3,0,65535,1,5,3,,开关量通道58_开关名称
146,1,16,233,1,0,65535,1,5,3,,开关量通道59_通道号
146,1,16,234,1,0,65535,1,5,3,,开关量通道59_启动标志
146,1,16,235,1,0,65535,1,5,3,,开关量通道59_初始状态
146,1,16,236,3,0,65535,1,5,3,,开关量通道59_开关名称
146,1,16,237,1,0,65535,1,5,3,,开关量通道60_通道号
146,1,16,238,1,0,65535,1,5,3,,开关量通道60_启动标志
146,1,16,239,1,0,65535,1,5,3,,开关量通道60_初始状态
146,1,16,240,3,0,65535,1,5,3,,开关量通道60_开关名称
146,1,16,241,1,0,65535,1,5,3,,开关量通道61_通道号
146,1,16,242,1,0,65535,1,5,3,,开关量通道61_启动标志
146,1,16,243,1,0,65535,1,5,3,,开关量通道61_初始状态
146,1,16,244,3,0,65535,1,5,3,,开关量通道61_开关名称
146,1,16,245,1,0,65535,1,5,3,,开关量通道62_通道号
146,1,16,246,1,0,65535,1,5,3,,开关量通道62_启动标志
146,1,16,247,1,0,65535,1,5,3,,开关量通道62_初始状态
146,1,16,248,3,0,65535,1,5,3,,开关量通道62_开关名称
146,1,16,249,1,0,65535,1,5,3,,开关量通道63_通道号
146,1,16,250,1,0,65535,1,5,3,,开关量通道63_启动标志
146,1,16,251,1,0,65535,1,5,3,,开关量通道63_初始状态
146,1,16,252,3,0,65535,1,5,3,,开关量通道63_开关名称
147,1,16,1,1,0,65535,1,5,3,,开关量通道64_通道号
147,1,16,2,1,0,65535,1,5,3,,开关量通道64_启动标志
147,1,16,3,1,0,65535,1,5,3,,开关量通道64_初始状态
147,1,16,4,3,0,65535,1,5,3,,开关量通道64_开关名称
147,1,16,5,1,0,65535,1,5,3,,开关量通道65_通道号
147,1,16,6,1,0,65535,1,5,3,,开关量通道65_启动标志
147,1,16,7,1,0,65535,1,5,3,,开关量通道65_初始状态
147,1,16,8,3,0,65535,1,5,3,,开关量通道65_开关名称
147,1,16,9,1,0,65535,1,5,3,,开关量通道66_通道号
147,1,16,10,1,0,65535,1,5,3,,开关量通道66_启动标志
147,1,16,11,1,0,65535,1,5,3,,开关量通道66_初始状态
147,1,16,12,3,0,65535,1,5,3,,开关量通道66_开关名称
147,1,16,13,1,0,65535,1,5,3,,开关量通道67_通道号
147,1,16,14,1,0,65535,1,5,3,,开关量通道67_启动标志
147,1,16,15,1,0,65535,1,5,3,,开关量通道67_初始状态
147,1,16,16,3,0,65535,1,5,3,,开关量通道67_开关名称
147,1,16,17,1,0,65535,1,5,3,,开关量通道68_通道号
147,1,16,18,1,0,65535,1,5,3,,开关量通道68_启动标志
147,1,16,19,1,0,65535,1,5,3,,开关量通道68_初始状态
147,1,16,20,3,0,65535,1,5,3,,开关量通道68_开关名称
147,1,16,21,1,0,65535,1,5,3,,开关量通道69_通道号
147,1,16,22,1,0,65535,1,5,3,,开关量通道69_启动标志
147,1,16,23,1,0,65535,1,5,3,,开关量通道69_初始状态
147,1,16,24,3,0,65535,1,5,3,,开关量通道69_开关名称
147,1,16,25,1,0,65535,1,5,3,,开关量通道70_通道号
147,1,16,26,1,0,65535,1,5,3,,开关量通道70_启动标志
147,1,16,27,1,0,65535,1,5,3,,开关量通道70_初始状态
147,1,16,28,3,0,65535,1,5,3,,开关量通道70_开关名称
147,1,16,29,1,0,65535,1,5,3,,开关量通道71_通道号
147,1,16,30,1,0,65535,1,5,3,,开关量通道71_启动标志
147,1,16,31,1,0,65535,1,5,3,,开关量通道71_初始状态
147,1,16,32,3,0,65535,1,5,3,,开关量通道71_开关名称
147,1,16,33,1,0,65535,1,5,3,,开关量通道72_通道号
147,1,16,34,1,0,65535,1,5,3,,开关量通道72_启动标志
147,1,16,35,1,0,65535,1,5,3,,开关量通道72_初始状态
147,1,16,36,3,0,65535,1,5,3,,开关量通道72_开关名称
147,1,16,37,1,0,65535,1,5,3,,开关量通道73_通道号
147,1,16,38,1,0,65535,1,5,3,,开关量通道73_启动标志
147,1,16,39,1,0,65535,1,5,3,,开关量通道73_初始状态
147,1,16,40,3,0,65535,1,5,3,,开关量通道73_开关名称
147,1,16,41,1,0,65535,1,5,3,,开关量通道74_通道号
147,1,16,42,1,0,65535,1,5,3,,开关量通道74_启动标志
147,1,16,43,1,0,65535,1,5,3,,开关量通道74_初始状态
147,1,16,44,3,0,65535,1,5,3,,开关量通道74_开关名称
147,1,16,45,1,0,65535,1,5,3,,开关量通道75_通道号
147,1,16,46,1,0,65535,1,5,3,,开关量通道75_启动标志
147,1,16,47,1,0,65535,1,5,3,,开关量通道75_初始状态
147,1,16,48,3,0,65535,1,5,3,,开关量通道75_开关名称
147,1,16,49,1,0,65535,1,5,3,,开关量通道76_通道号
147,1,16,50,1,0,65535,1,5,3,,开关量通道76_启动标志
147,1,16,51,1,0,65535,1,5,3,,开关量通道76_初始状态
147,1,16,52,3,0,65535,1,5,3,,开关量通道76_开关名称
147,1,16,53,1,0,65535,1,5,3,,开关量通道77_通道号
147,1,16,54,1,0,65535,1,5,3,,开关量通道77_启动标志
147,1,16,55,1,0,65535,1,5,3,,开关量通道77_初始状态
147,1,16,56,3,0,65535,1,5,3,,开关量通道77_开关名称
147,1,16,57,1,0,65535,1,5,3,,开关量通道78_通道号
147,1,16,58,1,0,65535,1,5,3,,开关量通道78_启动标志
147,1,16,59,1,0,65535,1,5,3,,开关量通道78_初始状态
147,1,16,60,3,0,65535,1,5,3,,开关量通道78_开关名称
147,1,16,61,1,0,65535,1,5,3,,开关量通道79_通道号
147,1,16,62,1,0,65535,1,5,3,,开关量通道79_启动标志
147,1,16,63,1,0,65535,1,5,3,,开关量通道79_初始状态
147,1,16,64,3,0,65535,1,5,3,,开关量通道79_开关名称
147,1,16,65,1,0,65535,1,5,3,,开关量通道80_通道号
147,1,16,66,1,0,65535,1,5,3,,开关量通道80_启动标志
147,1,16,67,1,0,65535,1,5,3,,开关量通道80_初始状态
147,1,16,68,3,0,65535,1,5,3,,开关量通道80_开关名称
147,1,16,69,1,0,65535,1,5,3,,开关量通道81_通道号
147,1,16,70,1,0,65535,1,5,3,,开关量通道81_启动标志
147,1,16,71,1,0,65535,1,5,3,,开关量通道81_初始状态
147,1,16,72,3,0,65535,1,5,3,,开关量通道81_开关名称
147,1,16,73,1,0,65535,1,5,3,,开关量通道82_通道号
147,1,16,74,1,0,65535,1,5,3,,开关量通道82_启动标志
147,1,16,75,1,0,65535,1,5,3,,开关量通道82_初始状态
147,1,16,76,3,0,65535,1,5,3,,开关量通道82_开关名称
147,1,16,77,1,0,65535,1,5,3,,开关量通道83_通道号
147,1,16,78,1,0,65535,1,5,3,,开关量通道83_启动标志
147,1,16,79,1,0,65535,1,5,3,,开关量通道83_初始状态
147,1,16,80,3,0,65535,1,5,3,,开关量通道83_开关名称
147,1,16,81,1,0,65535,1,5,3,,开关量通道84_通道号
147,1,16,82,1,0,65535,1,5,3,,开关量通道84_启动标志
147,1,16,83,1,0,65535,1,5,3,,开关量通道84_初始状态
147,1,16,84,3,0,65535,1,5,3,,开关量通道84_开关名称
147,1,16,85,1,0,65535,1,5,3,,开关量通道85_通道号
147,1,16,86,1,0,65535,1,5,3,,开关量通道85_启动标志
147,1,16,87,1,0,65535,1,5,3,,开关量通道85_初始状态
147,1,16,88,3,0,65535,1,5,3,,开关量通道85_开关名称
147,1,16,89,1,0,65535,1,5,3,,开关量通道86_通道号
147,1,16,90,1,0,65535,1,5,3,,开关量通道86_启动标志
147,1,16,91,1,0,65535,1,5,3,,开关量通道86_初始状态
147,1,16,92,3,0,65535,1,5,3,,开关量通道86_开关名称
147,1,16,93,1,0,65535,1,5,3,,开关量通道87_通道号
147,1,16,94,1,0,65535,1,5,3,,开关量通道87_启动标志
147,1,16,95,1,0,65535,1,5,3,,开关量通道87_初始状态
147,1,16,96,3,0,65535,1,5,3,,开关量通道87_开关名称
147,1,16,97,1,0,65535,1,5,3,,开关量通道88_通道号
147,1,16,98,1,0,65535,1,5,3,,开关量通道88_启动标志
147,1,16,99,1,0,65535,1,5,3,,开关量通道88_初始状态
147,1,16,100,3,0,65535,1,5,3,,开关量通道88_开关名称
147,1,16,101,1,0,65535,1,5,3,,开关量通道89_通道号
147,1,16,102,1,0,65535,1,5,3,,开关量通道89_启动标志
147,1,16,103,1,0,65535,1,5,3,,开关量通道89_初始状态
147,1,16,104,3,0,65535,1,5,3,,开关量通道89_开关名称
147,1,16,105,1,0,65535,1,5,3,,开关量通道90_通道号
147,1,16,106,1,0,65535,1,5,3,,开关量通道90_启动标志
147,1,16,107,1,0,65535,1,5,3,,开关量通道90_初始状态
147,1,16,108,3,0,65535,1,5,3,,开关量通道90_开关名称
147,1,16,109,1,0,65535,1,5,3,,开关量通道91_通道号
147,1,16,110,1,0,65535,1,5,3,,开关量通道91_启动标志
147,1,16,111,1,0,65535,1,5,3,,开关量通道91_初始状态
147,1,16,112,3,0,65535,1,5,3,,开关量通道91_开关名称
147,1,16,113,1,0,65535,1,5,3,,开关量通道92_通道号
147,1,16,114,1,0,65535,1,5,3,,开关量通道92_启动标志
147,1,16,115,1,0,65535,1,5,3,,开关量通道92_初始状态
147,1,16,116,3,0,65535,1,5,3,,开关量通道92_开关名称
147,1,16,117,1,0,65535,1,5,3,,开关量通道93_通道号
147,1,16,118,1,0,65535,1,5,3,,开关量通道93_启动标志
147,1,16,119,1,0,65535,1,5,3,,开关量通道93_初始状态
147,1,16,120,3,0,65535,1,5,3,,开关量通道93_开关名称
147,1,16,121,1,0,65535,1,5,3,,开关量通道94_通道号
147,1,16,122,1,0,65535,1,5,3,,开关量通道94_启动标志
147,1,16,123,1,0,65535,1,5,3,,开关量通道94_初始状态
147,1,16,124,3,0,65535,1,5,3,,开关量通道94_开关名称
147,1,16,125,1,0,65535,1,5,3,,开关量通道95_通道号
147,1,16,126,1,0,65535,1,5,3,,开关量通道95_启动标志
147,1,16,127,1,0,65535,1,5,3,,开关量通道95_初始状态
147,1,16,128,3,0,65535,1,5,3,,开关量通道95_开关名称
147,1,16,129,1,0,65535,1,5,3,,开关量通道96_通道号
147,1,16,130,1,0,65535,1,5,3,,开关量通道96_启动标志
147,1,16,131,1,0,65535,1,5,3,,开关量通道96_初始状态
147,1,16,132,3,0,65535,1,5,3,,开关量通道96_开关名称
147,1,16,133,1,0,65535,1,5,3,,开关量通道97_通道号
147,1,16,134,1,0,65535,1,5,3,,开关量通道97_启动标志
147,1,16,135,1,0,65535,1,5,3,,开关量通道97_初始状态
147,1,16,136,3,0,65535,1,5,3,,开关量通道97_开关名称
147,1,16,137,1,0,65535,1,5,3,,开关量通道98_通道号
147,1,16,138,1,0,65535,1,5,3,,开关量通道98_启动标志
147,1,16,139,1,0,65535,1,5,3,,开关量通道98_初始状态
147,1,16,140,3,0,65535,1,5,3,,开关量通道98_开关名称
147,1,16,141,1,0,65535,1,5,3,,开关量通道99_通道号
147,1,16,142,1,0,65535,1,5,3,,开关量通道99_启动标志
147,1,16,143,1,0,65535,1,5,3,,开关量通道99_初始状态
147,1,16,144,3,0,65535,1,5,3,,开关量通道99_开关名称
147,1,16,145,1,0,65535,1,5,3,,开关量通道100_通道号
147,1,16,146,1,0,65535,1,5,3,,开关量通道100_启动标志
147,1,16,147,1,0,65535,1,5,3,,开关量通道100_初始状态
147,1,16,148,3,0,65535,1,5,3,,开关量通道100_开关名称
147,1,16,149,1,0,65535,1,5,3,,开关量通道101_通道号
147,1,16,150,1,0,65535,1,5,3,,开关量通道101_启动标志
147,1,16,151,1,0,65535,1,5,3,,开关量通道101_初始状态
147,1,16,152,3,0,65535,1,5,3,,开关量通道101_开关名称
147,1,16,153,1,0,65535,1,5,3,,开关量通道102_通道号
147,1,16,154,1,0,65535,1,5,3,,开关量通道102_启动标志
147,1,16,155,1,0,65535,1,5,3,,开关量通道102_初始状态
147,1,16,156,3,0,65535,1,5,3,,开关量通道102_开关名称
147,1,16,157,1,0,65535,1,5,3,,开关量通道103_通道号
147,1,16,158,1,0,65535,1,5,3,,开关量通道103_启动标志
147,1,16,159,1,0,65535,1,5,3,,开关量通道103_初始状态
147,1,16,160,3,0,65535,1,5,3,,开关量通道103_开关名称
147,1,16,161,1,0,65535,1,5,3,,开关量通道104_通道号
147,1,16,162,1,0,65535,1,5,3,,开关量通道104_启动标志
147,1,16,163,1,0,65535,1,5,3,,开关量通道104_初始状态
147,1,16,164,3,0,65535,1,5,3,,开关量通道104_开关名称
147,1,16,165,1,0,65535,1,5,3,,开关量通道105_通道号
147,1,16,166,1,0,65535,1,5,3,,开关量通道105_启动标志
147,1,16,167,1,0,65535,1,5,3,,开关量通道105_初始状态
147,1,16,168,3,0,65535,1,5,3,,开关量通道105_开关名称
147,1,16,169,1,0,65535,1,5,3,,开关量通道106_通道号
147,1,16,170,1,0,65535,1,5,3,,开关量通道106_启动标志
147,1,16,171,1,0,65535,1,5,3,,开关量通道106_初始状态
147,1,16,172,3,0,65535,1,5,3,,开关量通道106_开关名称
147,1,16,173,1,0,65535,1,5,3,,开关量通道107_通道号
147,1,16,174,1,0,65535,1,5,3,,开关量通道107_启动标志
147,1,16,175,1,0,65535,1,5,3,,开关量通道107_初始状态
147,1,16,176,3,0,65535,1,5,3,,开关量通道107_开关名称
147,1,16,177,1,0,65535,1,5,3,,开关量通道108_通道号
147,1,16,178,1,0,65535,1,5,3,,开关量通道108_启动标志
147,1,16,179,1,0,65535,1,5,3,,开关量通道108_初始状态
147,1,16,180,3,0,65535,1,5,3,,开关量通道108_开关名称
147,1,16,181,1,0,65535,1,5,3,,开关量通道109_通道号
147,1,16,182,1,0,65535,1,5,3,,开关量通道109_启动标志
147,1,16,183,1,0,65535,1,5,3,,开关量通道109_初始状态
147,1,16,184,3,0,65535,1,5,3,,开关量通道109_开关名称
147,1,16,185,1,0,65535,1,5,3,,开关量通道110_通道号
147,1,16,186,1,0,65535,1,5,3,,开关量通道110_启动标志
147,1,16,187,1,0,65535,1,5,3,,开关量通道110_初始状态
147,1,16,188,3,0,65535,1,5,3,,开关量通道110_开关名称
148,1,16,1,1,0,65535,1,5,3,,电压通道1_通道号
148,1,16,2,1,0,65535,1,5,3,,电压通道1_启动
148,1,16,3,1,0,65535,1,5,3,,电压通道1_突变方向
148,1,16,4,0,0,65535,0.001,5,3,,电压通道1_上限
148,1,16,5,0,0,65535,0.001,5,3,,电压通道1_下限
148,1,16,6,0,0,65535,0.001,5,3,,电压通道1_突变
148,1,16,7,0,0,65535,0.001,5,3,,电压通道1_负序
148,1,16,8,0,0,65535,0.001,5,3,,电压通道1_额定值
148,1,16,9,0,0,65535,0.001,5,3,,电压通道1_变比
148,1,16,10,1,0,65535,1,5,3,,电压通道2_通道号
148,1,16,11,1,0,65535,1,5,3,,电压通道2_启动
148,1,16,12,1,0,65535,1,5,3,,电压通道2_突变方向
148,1,16,13,0,0,65535,0.001,5,3,,电压通道2_上限
148,1,16,14,0,0,65535,0.001,5,3,,电压通道2_下限
148,1,16,15,0,0,65535,0.001,5,3,,电压通道2_突变
148,1,16,16,0,0,65535,0.001,5,3,,电压通道2_负序
148,1,16,17,0,0,65535,0.001,5,3,,电压通道2_额定值
148,1,16,18,0,0,65535,0.001,5,3,,电压通道2_变比
148,1,16,19,1,0,65535,1,5,3,,电压通道3_通道号
148,1,16,20,1,0,65535,1,5,3,,电压通道3_启动
148,1,16,21,1,0,65535,1,5,3,,电压通道3_突变方向
148,1,16,22,0,0,65535,0.001,5,3,,电压通道3_上限
148,1,16,23,0,0,65535,0.001,5,3,,电压通道3_下限
148,1,16,24,0,0,65535,0.001,5,3,,电压通道3_突变
148,1,16,25,0,0,65535,0.001,5,3,,电压通道3_负序
148,1,16,26,0,0,65535,0.001,5,3,,电压通道3_额定值
148,1,16,27,0,0,65535,0.001,5,3,,电压通道3_变比
148,1,16,28,1,0,65535,1,5,3,,电压通道4_通道号
148,1,16,29,1,0,65535,1,5,3,,电压通道4_启动
148,1,16,30,1,0,65535,1,5,3,,电压通道4_突变方向
148,1,16,31,0,0,65535,0.001,5,3,,电压通道4_上限
148,1,16,32,0,0,65535,0.001,5,3,,电压通道4_下限
148,1,16,33,0,0,65535,0.001,5,3,,电压通道4_突变
148,1,16,34,0,0,65535,0.001,5,3,,电压通道4_负序
148,1,16,35,0,0,65535,0.001,5,3,,电压通道4_额定值
148,1,16,36,0,0,65535,0.001,5,3,,电压通道4_变比
148,1,16,37,1,0,65535,1,5,3,,电压通道5_通道号
148,1,16,38,1,0,65535,1,5,3,,电压通道5_启动
148,1,16,39,1,0,65535,1,5,3,,电压通道5_突变方向
148,1,16,40,0,0,65535,0.001,5,3,,电压通道5_上限
148,1,16,41,0,0,65535,0.001,5,3,,电压通道5_下限
148,1,16,42,0,0,65535,0.001,5,3,,电压通道5_突变
148,1,16,43,0,0,65535,0.001,5,3,,电压通道5_负序
148,1,16,44,0,0,65535,0.001,5,3,,电压通道5_额定值
148,1,16,45,0,0,65535,0.001,5,3,,电压通道5_变比
148,1,16,46,1,0,65535,1,5,3,,电压通道6_通道号
148,1,16,47,1,0,65535,1,5,3,,电压通道6_启动
148,1,16,48,1,0,65535,1,5,3,,电压通道6_突变方向
148,1,16,49,0,0,65535,0.001,5,3,,电压通道6_上限
148,1,16,50,0,0,65535,0.001,5,3,,电压通道6_下限
148,1,16,51,0,0,65535,0.001,5,3,,电压通道6_突变
148,1,16,52,0,0,65535,0.001,5,3,,电压通道6_负序
148,1,16,53,0,0,65535,0.001,5,3,,电压通道6_额定值
148,1,16,54,0,0,65535,0.001,5,3,,电压通道6_变比
148,1,16,55,1,0,65535,1,5,3,,电压通道7_通道号
148,1,16,56,1,0,65535,1,5,3,,电压通道7_启动
148,1,16,57,1,0,65535,1,5,3,,电压通道7_突变方向
148,1,16,58,0,0,65535,0.001,5,3,,电压通道7_上限
148,1,16,59,0,0,65535,0.001,5,3,,电压通道7_下限
148,1,16,60,0,0,65535,0.001,5,3,,电压通道7_突变
148,1,16,61,0,0,65535,0.001,5,3,,电压通道7_负序
148,1,16,62,0,0,65535,0.001,5,3,,电压通道7_额定值
148,1,16,63,0,0,65535,0.001,5,3,,电压通道7_变比
148,1,16,64,1,0,65535,1,5,3,,电压通道8_通道号
148,1,16,65,1,0,65535,1,5,3,,电压通道8_启动
148,1,16,66,1,0,65535,1,5,3,,电压通道8_突变方向
148,1,16,67,0,0,65535,0.001,5,3,,电压通道8_上限
148,1,16,68,0,0,65535,0.001,5,3,,电压通道8_下限
148,1,16,69,0,0,65535,0.001,5,3,,电压通道8_突变
148,1,16,70,0,0,65535,0.001,5,3,,电压通道8_负序
148,1,16,71,0,0,65535,0.001,5,3,,电压通道8_额定值
148,1,16,72,0,0,65535,0.001,5,3,,电压通道8_变比
149,1,16,1,1,0,65535,1,5,3,,电流通道1_通道号
149,1,16,2,1,0,65535,1,5,3,,电流通道1_启动
149,1,16,3,1,0,65535,1,5,3,,电流通道1_突变方向
149,1,16,4,0,0,65535,0.001,5,3,,电流通道1_上限
149,1,16,5,0,0,65535,0.001,5,3,,电流通道1_突变
149,1,16,6,0,0,65535,0.001,5,3,,电流通道1_振荡
149,1,16,7,0,0,65535,0.001,5,3,,电流通道1_负序
149,1,16,8,0,0,65535,0.001,5,3,,电流压通道1_额定值
149,1,16,9,0,0,65535,0.001,5,3,,电流通道1_变比
149,1,16,10,1,0,65535,1,5,3,,电流通道2_通道号
149,1,16,11,1,0,65535,1,5,3,,电流通道2_启动
149,1,16,12,1,0,65535,1,5,3,,电流通道2_突变方向
149,1,16,13,0,0,65535,0.001,5,3,,电流通道2_上限
149,1,16,14,0,0,65535,0.001,5,3,,电流通道2_突变
149,1,16,15,0,0,65535,0.001,5,3,,电流通道2_振荡
149,1,16,16,0,0,65535,0.001,5,3,,电流通道2_负序
149,1,16,17,0,0,65535,0.001,5,3,,电流压通道2_额定值
149,1,16,18,0,0,65535,0.001,5,3,,电流通道2_变比
149,1,16,19,1,0,65535,1,5,3,,电流通道3_通道号
149,1,16,20,1,0,65535,1,5,3,,电流通道3_启动
149,1,16,21,1,0,65535,1,5,3,,电流通道3_突变方向
149,1,16,22,0,0,65535,0.001,5,3,,电流通道3_上限
149,1,16,23,0,0,65535,0.001,5,3,,电流通道3_突变
149,1,16,24,0,0,65535,0.001,5,3,,电流通道3_振荡
149,1,16,25,0,0,65535,0.001,5,3,,电流通道3_负序
149,1,16,26,0,0,65535,0.001,5,3,,电流压通道3_额定值
149,1,16,27,0,0,65535,0.001,5,3,,电流通道3_变比
149,1,16,28,1,0,65535,1,5,3,,电流通道4_通道号
149,1,16,29,1,0,65535,1,5,3,,电流通道4_启动
149,1,16,30,1,0,65535,1,5,3,,电流通道4_突变方向
149,1,16,31,0,0,65535,0.001,5,3,,电流通道4_上限
149,1,16,32,0,0,65535,0.001,5,3,,电流通道4_突变
149,1,16,33,0,0,65535,0.001,5,3,,电流通道4_振荡
149,1,16,34,0,0,65535,0.001,5,3,,电流通道4_负序
149,1,16,35,0,0,65535,0.001,5,3,,电流压通道4_额定值
149,1,16,36,0,0,65535,0.001,5,3,,电流通道4_变比
149,1,16,37,1,0,65535,1,5,3,,电流通道5_通道号
149,1,16,38,1,0,65535,1,5,3,,电流通道5_启动
149,1,16,39,1,0,65535,1,5,3,,电流通道5_突变方向
149,1,16,40,0,0,65535,0.001,5,3,,电流通道5_上限
149,1,16,41,0,0,65535,0.001,5,3,,电流通道5_突变
149,1,16,42,0,0,65535,0.001,5,3,,电流通道5_振荡
149,1,16,43,0,0,65535,0.001,5,3,,电流通道5_负序
149,1,16,44,0,0,65535,0.001,5,3,,电流压通道5_额定值
149,1,16,45,0,0,65535,0.001,5,3,,电流通道5_变比
149,1,16,46,1,0,65535,1,5,3,,电流通道6_通道号
149,1,16,47,1,0,65535,1,5,3,,电流通道6_启动
149,1,16,48,1,0,65535,1,5,3,,电流通道6_突变方向
149,1,16,49,0,0,65535,0.001,5,3,,电流通道6_上限
149,1,16,50,0,0,65535,0.001,5,3,,电流通道6_突变
149,1,16,51,0,0,65535,0.001,5,3,,电流通道6_振荡
149,1,16,52,0,0,65535,0.001,5,3,,电流通道6_负序
149,1,16,53,0,0,65535,0.001,5,3,,电流压通道6_额定值
149,1,16,54,0,0,65535,0.001,5,3,,电流通道6_变比
149,1,16,55,1,0,65535,1,5,3,,电流通道7_通道号
149,1,16,56,1,0,65535,1,5,3,,电流通道7_启动
149,1,16,57,1,0,65535,1,5,3,,电流通道7_突变方向
149,1,16,58,0,0,65535,0.001,5,3,,电流通道7_上限
149,1,16,59,0,0,65535,0.001,5,3,,电流通道7_突变
149,1,16,60,0,0,65535,0.001,5,3,,电流通道7_振荡
149,1,16,61,0,0,65535,0.001,5,3,,电流通道7_负序
149,1,16,62,0,0,65535,0.001,5,3,,电流压通道7_额定值
149,1,16,63,0,0,65535,0.001,5,3,,电流通道7_变比
149,1,16,64,1,0,65535,1,5,3,,电流通道8_通道号
149,1,16,65,1,0,65535,1,5,3,,电流通道8_启动
149,1,16,66,1,0,65535,1,5,3,,电流通道8_突变方向
149,1,16,67,0,0,65535,0.001,5,3,,电流通道8_上限
149,1,16,68,0,0,65535,0.001,5,3,,电流通道8_突变
149,1,16,69,0,0,65535,0.001,5,3,,电流通道8_振荡
149,1,16,70,0,0,65535,0.001,5,3,,电流通道8_负序
149,1,16,71,0,0,65535,0.001,5,3,,电流压通道8_额定值
149,1,16,72,0,0,65535,0.001,5,3,,电流通道8_变比
149,1,16,73,1,0,65535,1,5,3,,电流通道9_通道号
149,1,16,74,1,0,65535,1,5,3,,电流通道9_启动
149,1,16,75,1,0,65535,1,5,3,,电流通道9_突变方向
149,1,16,76,0,0,65535,0.001,5,3,,电流通道9_上限
149,1,16,77,0,0,65535,0.001,5,3,,电流通道9_突变
149,1,16,78,0,0,65535,0.001,5,3,,电流通道9_振荡
149,1,16,79,0,0,65535,0.001,5,3,,电流通道9_负序
149,1,16,80,0,0,65535,0.001,5,3,,电流压通道9_额定值
149,1,16,81,0,0,65535,0.001,5,3,,电流通道9_变比
149,1,16,82,1,0,65535,1,5,3,,电流通道10_通道号
149,1,16,83,1,0,65535,1,5,3,,电流通道10_启动
149,1,16,84,1,0,65535,1,5,3,,电流通道10_突变方向
149,1,16,85,0,0,65535,0.001,5,3,,电流通道10_上限
149,1,16,86,0,0,65535,0.001,5,3,,电流通道10_突变
149,1,16,87,0,0,65535,0.001,5,3,,电流通道10_振荡
149,1,16,88,0,0,65535,0.001,5,3,,电流通道10_负序
149,1,16,89,0,0,65535,0.001,5,3,,电流压通道10_额定值
149,1,16,90,0,0,65535,0.001,5,3,,电流通道10_变比
149,1,16,91,1,0,65535,1,5,3,,电流通道11_通道号
149,1,16,92,1,0,65535,1,5,3,,电流通道11_启动
149,1,16,93,1,0,65535,1,5,3,,电流通道11_突变方向
149,1,16,94,0,0,65535,0.001,5,3,,电流通道11_上限
149,1,16,95,0,0,65535,0.001,5,3,,电流通道11_突变
149,1,16,96,0,0,65535,0.001,5,3,,电流通道11_振荡
149,1,16,97,0,0,65535,0.001,5,3,,电流通道11_负序
149,1,16,98,0,0,65535,0.001,5,3,,电流压通道11_额定值
149,1,16,99,0,0,65535,0.001,5,3,,电流通道11_变比
149,1,16,100,1,0,65535,1,5,3,,电流通道12_通道号
149,1,16,101,1,0,65535,1,5,3,,电流通道12_启动
149,1,16,102,1,0,65535,1,5,3,,电流通道12_突变方向
149,1,16,103,0,0,65535,0.001,5,3,,电流通道12_上限
149,1,16,104,0,0,65535,0.001,5,3,,电流通道12_突变
149,1,16,105,0,0,65535,0.001,5,3,,电流通道12_振荡
149,1,16,106,0,0,65535,0.001,5,3,,电流通道12_负序
149,1,16,107,0,0,65535,0.001,5,3,,电流压通道12_额定值
149,1,16,108,0,0,65535,0.001,5,3,,电流通道12_变比
149,1,16,109,1,0,65535,1,5,3,,电流通道13_通道号
149,1,16,110,1,0,65535,1,5,3,,电流通道13_启动
149,1,16,111,1,0,65535,1,5,3,,电流通道13_突变方向
149,1,16,112,0,0,65535,0.001,5,3,,电流通道13_上限
149,1,16,113,0,0,65535,0.001,5,3,,电流通道13_突变
149,1,16,114,0,0,65535,0.001,5,3,,电流通道13_振荡
149,1,16,115,0,0,65535,0.001,5,3,,电流通道13_负序
149,1,16,116,0,0,65535,0.001,5,3,,电流压通道13_额定值
149,1,16,117,0,0,65535,0.001,5,3,,电流通道13_变比
149,1,16,118,1,0,65535,1,5,3,,电流通道14_通道号
149,1,16,119,1,0,65535,1,5,3,,电流通道14_启动
149,1,16,120,1,0,65535,1,5,3,,电流通道14_突变方向
149,1,16,121,0,0,65535,0.001,5,3,,电流通道14_上限
149,1,16,122,0,0,65535,0.001,5,3,,电流通道14_突变
149,1,16,123,0,0,65535,0.001,5,3,,电流通道14_振荡
149,1,16,124,0,0,65535,0.001,5,3,,电流通道14_负序
149,1,16,125,0,0,65535,0.001,5,3,,电流压通道14_额定值
149,1,16,126,0,0,65535,0.001,5,3,,电流通道14_变比
149,1,16,127,1,0,65535,1,5,3,,电流通道15_通道号
149,1,16,128,1,0,65535,1,5,3,,电流通道15_启动
149,1,16,129,1,0,65535,1,5,3,,电流通道15_突变方向
149,1,16,130,0,0,65535,0.001,5,3,,电流通道15_上限
149,1,16,131,0,0,65535,0.001,5,3,,电流通道15_突变
149,1,16,132,0,0,65535,0.001,5,3,,电流通道15_振荡
149,1,16,133,0,0,65535,0.001,5,3,,电流通道15_负序
149,1,16,134,0,0,65535,0.001,5,3,,电流压通道15_额定值
149,1,16,135,0,0,65535,0.001,5,3,,电流通道15_变比
149,1,16,136,1,0,65535,1,5,3,,电流通道16_通道号
149,1,16,137,1,0,65535,1,5,3,,电流通道16_启动
149,1,16,138,1,0,65535,1,5,3,,电流通道16_突变方向
149,1,16,139,0,0,65535,0.001,5,3,,电流通道16_上限
149,1,16,140,0,0,65535,0.001,5,3,,电流通道16_突变
149,1,16,141,0,0,65535,0.001,5,3,,电流通道16_振荡
149,1,16,142,0,0,65535,0.001,5,3,,电流通道16_负序
149,1,16,143,0,0,65535,0.001,5,3,,电流压通道16_额定值
149,1,16,144,0,0,65535,0.001,5,3,,电流通道16_变比
149,1,16,145,1,0,65535,1,5,3,,电流通道17_通道号
149,1,16,146,1,0,65535,1,5,3,,电流通道17_启动
149,1,16,147,1,0,65535,1,5,3,,电流通道17_突变方向
149,1,16,148,0,0,65535,0.001,5,3,,电流通道17_上限
149,1,16,149,0,0,65535,0.001,5,3,,电流通道17_突变
149,1,16,150,0,0,65535,0.001,5,3,,电流通道17_振荡
149,1,16,151,0,0,65535,0.001,5,3,,电流通道17_负序
149,1,16,152,0,0,65535,0.001,5,3,,电流压通道17_额定值
149,1,16,153,0,0,65535,0.001,5,3,,电流通道17_变比
149,1,16,154,1,0,65535,1,5,3,,电流通道18_通道号
149,1,16,155,1,0,65535,1,5,3,,电流通道18_启动
149,1,16,156,1,0,65535,1,5,3,,电流通道18_突变方向
149,1,16,157,0,0,65535,0.001,5,3,,电流通道18_上限
149,1,16,158,0,0,65535,0.001,5,3,,电流通道18_突变
149,1,16,159,0,0,65535,0.001,5,3,,电流通道18_振荡
149,1,16,160,0,0,65535,0.001,5,3,,电流通道18_负序
149,1,16,161,0,0,65535,0.001,5,3,,电流压通道18_额定值
149,1,16,162,0,0,65535,0.001,5,3,,电流通道18_变比
149,1,16,163,1,0,65535,1,5,3,,电流通道19_通道号
149,1,16,164,1,0,65535,1,5,3,,电流通道19_启动
149,1,16,165,1,0,65535,1,5,3,,电流通道19_突变方向
149,1,16,166,0,0,65535,0.001,5,3,,电流通道19_上限
149,1,16,167,0,0,65535,0.001,5,3,,电流通道19_突变
149,1,16,168,0,0,65535,0.001,5,3,,电流通道19_振荡
149,1,16,169,0,0,65535,0.001,5,3,,电流通道19_负序
149,1,16,170,0,0,65535,0.001,5,3,,电流压通道19_额定值
149,1,16,171,0,0,65535,0.001,5,3,,电流通道19_变比
149,1,16,172,1,0,65535,1,5,3,,电流通道20_通道号
149,1,16,173,1,0,65535,1,5,3,,电流通道20_启动
149,1,16,174,1,0,65535,1,5,3,,电流通道20_突变方向
149,1,16,175,0,0,65535,0.001,5,3,,电流通道20_上限
149,1,16,176,0,0,65535,0.001,5,3,,电流通道20_突变
149,1,16,177,0,0,65535,0.001,5,3,,电流通道20_振荡
149,1,16,178,0,0,65535,0.001,5,3,,电流通道20_负序
149,1,16,179,0,0,65535,0.001,5,3,,电流压通道20_额定值
149,1,16,180,0,0,65535,0.001,5,3,,电流通道20_变比
149,1,16,181,1,0,65535,1,5,3,,电流通道21_通道号
149,1,16,182,1,0,65535,1,5,3,,电流通道21_启动
149,1,16,183,1,0,65535,1,5,3,,电流通道21_突变方向
149,1,16,184,0,0,65535,0.001,5,3,,电流通道21_上限
149,1,16,185,0,0,65535,0.001,5,3,,电流通道21_突变
149,1,16,186,0,0,65535,0.001,5,3,,电流通道21_振荡
149,1,16,187,0,0,65535,0.001,5,3,,电流通道21_负序
149,1,16,188,0,0,65535,0.001,5,3,,电流压通道21_额定值
149,1,16,189,0,0,65535,0.001,5,3,,电流通道21_变比
149,1,16,190,1,0,65535,1,5,3,,电流通道22_通道号
149,1,16,191,1,0,65535,1,5,3,,电流通道22_启动
149,1,16,192,1,0,65535,1,5,3,,电流通道22_突变方向
149,1,16,193,0,0,65535,0.001,5,3,,电流通道22_上限
149,1,16,194,0,0,65535,0.001,5,3,,电流通道22_突变
149,1,16,195,0,0,65535,0.001,5,3,,电流通道22_振荡
149,1,16,196,0,0,65535,0.001,5,3,,电流通道22_负序
149,1,16,197,0,0,65535,0.001,5,3,,电流压通道22_额定值
149,1,16,198,0,0,65535,0.001,5,3,,电流通道22_变比
149,1,16,199,1,0,65535,1,5,3,,电流通道23_通道号
149,1,16,200,1,0,65535,1,5,3,,电流通道23_启动
149,1,16,201,1,0,65535,1,5,3,,电流通道23_突变方向
149,1,16,202,0,0,65535,0.001,5,3,,电流通道23_上限
149,1,16,203,0,0,65535,0.001,5,3,,电流通道23_突变
149,1,16,204,0,0,65535,0.001,5,3,,电流通道23_振荡
149,1,16,205,0,0,65535,0.001,5,3,,电流通道23_负序
149,1,16,206,0,0,65535,0.001,5,3,,电流压通道23_额定值
149,1,16,207,0,0,65535,0.001,5,3,,电流通道23_变比
149,1,16,208,1,0,65535,1,5,3,,电流通道24_通道号
149,1,16,209,1,0,65535,1,5,3,,电流通道24_启动
149,1,16,210,1,0,65535,1,5,3,,电流通道24_突变方向
149,1,16,211,0,0,65535,0.001,5,3,,电流通道24_上限
149,1,16,212,0,0,65535,0.001,5,3,,电流通道24_突变
149,1,16,213,0,0,65535,0.001,5,3,,电流通道24_振荡
149,1,16,214,0,0,65535,0.001,5,3,,电流通道24_负序
149,1,16,215,0,0,65535,0.001,5,3,,电流压通道24_额定值
149,1,16,216,0,0,65535,0.001,5,3,,电流通道24_变比
[KG_SETs]
