[base]
code = beijing,2010-11-23 11:16:38,sifang,WXH-HP3_BJ,,,,,00000000,
name = 许继以太网103接入规约
doc version = v1.20
tool = 1326 config tool
tool version = v1.10
last modified datetime = 2007-1-9 14:27

DIG=内部组号,内部条目号,偏移,FUN,INF,SOE标记,s10/11标记,复归模式,事件使能,YxType,描述
CTRL=内部组号,内部条目号,偏移,Group,Entry,描述
SET=内部组号,内部条目号,偏移,Group,Entry
ZONE=内部组号,内部条目号,偏移,Group,Entry
SET_ELEMENT=GROUP,CPU,ZONE,NO,TYPE,MIN/KGBits,MAX,STEP,精度n,精度m,UNIT,描述
KG_SETs=Group,Entry,Cpu,Zone,BitSeqs,Desc
DI_CHANGE=偏移,Fun,Inf,ChannelId
ACC=偏移,AccNo,通道识别符,通道相位特征,被监视的回路元件,通道单位
DEV_FUN=DEV_FUN
EVENT=GROUP,ENTRY,CPU,FUN,INF,TRIGGER,描述
FAULT_PARA=内部组号,内部条目号,CPU,103组号,103条目号,ParaType,DataType,MIN,MAX,STEP,精度n,精度m,UNIT,描述
SOFT_CNT_INFO=CPU号,组号,偏移
XUJI_FAULT_PARA=CPU,FUN,INF,ParaNo,ParaType,UNIT,描述
[DIG]
16,1,1,185,62,1,0,1,0,1,比率差动
16,2,1,185,61,1,0,1,0,1,差流速断
16,3,1,185,95,1,0,1,0,1,高压侧过流2段
16,4,1,185,96,1,0,1,0,1,高压侧过流3段
16,5,1,185,85,1,0,1,0,1,峰值过电压2段
16,6,1,185,86,1,0,1,0,1,峰值过电压3段
16,7,1,185,160,1,0,1,0,1,C1桥差过流
16,8,1,185,72,1,0,1,0,1,C1比值不平衡2段
16,9,1,185,73,1,0,1,0,1,C1比值不平衡3段
16,10,1,185,75,1,0,1,0,1,C1计数不平衡2段跳闸
16,11,1,185,76,1,0,1,0,1,C1计数不平衡3段跳闸
16,12,1,185,99,1,0,1,0,1,电阻基波过流2段
16,13,1,185,100,1,0,1,0,1,电阻基波过流3段
16,14,1,185,102,1,0,1,0,1,电阻谐波过负荷2段
16,15,1,185,103,1,0,1,0,1,电阻谐波过负荷3段
16,16,1,185,104,1,0,1,0,1,电阻热过负荷1段跳闸
16,17,1,185,105,1,0,1,0,1,电阻热过负荷2段跳闸
16,18,1,185,112,1,0,1,0,1,电抗基波过流2段
16,19,1,185,113,1,0,1,0,1,电抗基波过流3段
16,20,1,185,115,1,0,1,0,1,电抗谐波过流2段
16,21,1,185,116,1,0,1,0,1,电抗谐波过流3段
16,22,1,185,117,1,0,1,0,1,电抗热过负荷1段跳闸
16,23,1,185,118,1,0,1,0,1,电抗热过负荷2段跳闸
16,24,1,185,55,1,0,1,0,1,零序过流2段
16,25,1,185,56,1,0,1,0,1,零序充电
16,26,1,185,79,1,0,1,0,1,失灵T1
16,27,1,185,80,1,0,1,0,1,失灵T2
16,28,1,185,82,1,0,1,0,1,非全相T2
16,29,1,185,123,1,0,1,0,1,C2桥差过流
16,30,1,185,125,1,0,1,0,1,C2比值不平衡2段
16,31,1,185,126,1,0,1,0,1,C2比值不平衡3段
16,32,1,185,127,1,0,1,0,1,低压电容保护跳闸
16,33,1,185,191,1,0,1,0,4,+5V电源自检出错
16,34,1,185,193,1,0,1,0,4,RAM自检出错
16,35,1,185,196,1,0,1,0,4,EEPROM出错
16,36,1,185,197,1,0,1,0,4,AD自检出错
16,37,1,185,201,1,0,1,0,4,继电器自检错误
16,38,1,185,222,1,0,1,0,4,定值自检出错
16,39,1,185,224,1,0,1,0,4,定值区变化
16,40,0,185,211,1,0,1,0,4,DSP数目不对
16,41,1,185,210,1,0,1,0,4,通讯中断
16,42,1,185,195,1,0,1,0,4,FLASH自检出错
16,43,1,185,161,1,0,1,0,4,差流越限
16,44,1,185,206,1,0,1,0,4,TA异常
16,45,1,185,94,1,0,1,0,4,高压侧过流1段
16,46,1,185,225,1,0,1,0,4,失灵启动开入异常
16,47,1,185,81,1,0,1,0,4,非全相T1
16,48,1,185,84,1,0,1,0,4,峰值过电压1段
16,49,1,185,54,1,0,1,0,4,零序1段
16,50,1,185,162,1,0,1,0,4,失谐监视
16,51,1,185,71,1,0,1,0,4,C1比值不平衡1段
16,52,1,185,74,1,0,1,0,4,C1计数不平衡1段
16,53,1,185,77,1,0,1,0,4,C1计数不平衡2段告警
16,54,1,185,98,1,0,1,0,4,电阻基波过流1段
16,55,1,185,101,1,0,1,0,4,电阻谐波过流1段
16,56,1,185,106,1,0,1,0,4,电阻热过负荷1段
16,57,1,185,111,1,0,1,0,4,电抗基波过流1段
16,58,1,185,114,1,0,1,0,4,电抗谐波过流1段
16,59,1,185,119,1,0,1,0,4,电抗热过负荷1段告警
16,60,1,185,124,1,0,1,0,4,C2比值不平衡1段
16,61,1,185,212,1,0,1,0,4,事故总信号（总动作信号）
16,62,1,185,213,1,0,1,0,4,预告总信号（总告警信号）
16,63,1,185,64,1,0,0,0,0,检修压板
16,64,1,185,171,1,0,0,0,0,差动保护硬压板
16,65,1,185,172,1,0,0,0,0,高压电容保护硬压板
16,66,1,185,173,1,0,0,0,0,电阻元件保护硬压板
16,67,1,185,174,1,0,0,0,0,电抗元件保护硬压板
16,68,1,185,175,1,0,0,0,0,零序保护硬压板
16,69,1,185,176,1,0,0,0,0,失灵保护硬压板
16,70,1,185,177,1,0,0,0,0,非全相保护硬压板
16,71,1,185,178,1,0,0,0,0,低压电容器保护硬压板
16,72,1,185,181,1,0,0,0,2,差动保护
16,73,1,185,182,1,0,0,0,2,高压电容器保护
16,74,1,185,183,1,0,0,0,2,电阻元件保护
16,75,1,185,184,1,0,0,0,2,电抗元件保护
16,76,1,185,185,1,0,0,0,2,零序保护
16,77,1,185,186,1,0,0,0,2,失灵保护
16,78,1,185,187,1,0,0,0,2,非全相保护
16,79,1,185,188,1,0,0,0,2,低压电容器保护
16,80,1,185,189,1,0,0,0,2,C1不平衡电流清零
16,81,1,185,190,1,0,0,0,2,C2不平衡电流清零
255,241,0,0,0,1,0,0,0,5,通信中断A
255,242,0,0,0,1,0,0,0,5,通信中断B
255,0,0,0,0,1,0,0,0,1,事故总
255,1,0,0,0,1,0,0,0,4,告警总
255,255,0,0,0,1,0,0,0,5,通信中断
[CTRL]
128,1,1,185,31,差动保护
128,2,1,185,32,高压电容器保护
128,3,1,185,33,电阻元件保护
128,4,1,185,34,电抗元件保护
128,5,1,185,35,零序保护
128,6,1,185,36,失灵保护
128,7,1,185,37,非全相保护
128,8,1,185,38,低压电容器保护
128,9,1,185,39,C1不平衡电流清零
128,10,1,185,40,C2不平衡电流清零
[SET]
144,0,1,4,0
[ZONE]
208,0,1,3,1
[SET_ELEMENT]
144,1,144,1,1,0,65535,1,3,2,,比率差动投退
144,1,144,2,1,0,65535,1,3,2,,差流速断投退
144,1,144,3,0,0,65535,0.01,3,2,,最小动作电流倍数
144,1,144,4,0,0,65535,0.01,3,2,,最小制动电流倍数
144,1,144,5,0,0,65535,0.01,3,2,,比率制动系数
144,1,144,6,0,0,65535,0.01,3,2,,比率差动延时
144,1,144,7,0,0,65535,0.01,3,2,,差流速断电流倍数
144,1,144,8,1,0,65535,1,3,2,,TA异常投退
144,1,144,9,1,0,65535,1,3,2,,TA异常闭锁差动
144,1,144,10,1,0,65535,1,3,2,,差流越限投退
144,1,144,11,1,0,65535,1,3,2,,过流1段投退
144,1,144,12,1,0,65535,1,3,2,,过流2段投退
144,1,144,13,1,0,65535,1,3,2,,过流3段投退
144,1,144,14,0,0,65535,0.01,3,2,,过流1段电流
144,1,144,15,0,0,65535,0.01,3,2,,过流1段延时
144,1,144,16,0,0,65535,0.01,3,2,,过流2段电流
144,1,144,17,0,0,65535,0.01,3,2,,过流2段延时
144,1,144,18,0,0,65535,0.01,3,2,,过流3段电流
144,1,144,19,0,0,65535,0.01,3,2,,过流3段延时
144,1,144,20,0,0,65535,0.01,3,2,,基准峰值电压
144,1,144,21,1,0,65535,1,3,2,,峰值过电压1段投退
144,1,144,22,0,0,65535,0.01,3,2,,峰值过电压1段定值
144,1,144,23,0,0,65535,0.01,3,2,,峰值过电压1段延时
144,1,144,24,0,0,65535,0.01,3,2,,峰值过电压2段投退
144,1,144,25,0,0,65535,0.01,3,2,,峰值过电压下限倍数
144,1,144,26,0,0,65535,0.01,3,2,,峰值过电压下限延时
144,1,144,27,0,0,65535,0.01,3,2,,第一点峰值过电压倍数
144,1,144,28,0,0,65535,0.01,3,2,,第一点时间整定
144,1,144,29,0,0,65535,0.01,3,2,,第二点峰值过电压倍数
144,1,144,30,0,0,65535,0.01,3,2,,第二点时间整定
144,1,144,31,0,0,65535,0.01,3,2,,第三点峰值过电压倍数
144,1,144,32,0,0,65535,0.01,3,2,,第三点时间整定
144,1,144,33,0,0,65535,0.01,3,2,,第四点峰值过电压倍数
144,1,144,34,0,0,65535,0.01,3,2,,第四点时间整定
144,1,144,35,0,0,65535,0.01,3,2,,第五点峰值过电压倍数
144,1,144,36,0,0,65535,0.01,3,2,,第五点时间整定
144,1,144,37,0,0,65535,0.01,3,2,,第六点峰值过电压倍数
144,1,144,38,0,0,65535,0.01,3,2,,第六点时间整定
144,1,144,39,0,0,65535,0.01,3,2,,峰值过电压上限倍数
144,1,144,40,0,0,65535,0.01,3,2,,峰值过电压上限延时
144,1,144,41,1,0,65535,1,3,2,,峰值过电压3段投退
144,1,144,42,0,0,65535,0.01,3,2,,峰值过电压3段定值
144,1,144,43,0,0,65535,0.01,3,2,,峰值过电压3段延时
144,1,144,44,0,0,65535,0.01,3,2,,峰值过电压复归时间
144,1,144,45,1,0,65535,1,3,2,,C1桥差过流投退
144,1,144,46,0,0,65535,0.01,3,2,,C1桥差电流
144,1,144,47,0,0,65535,0.01,3,2,,C1桥差过流延时
144,1,144,48,1,0,65535,1,3,2,,C1比值不平1段投退
144,1,144,49,1,0,65535,1,3,2,,C1比值不平2段投退
144,1,144,50,1,0,65535,1,3,2,,C1比值不平3段投退
144,1,144,51,0,0,65535,0.01,3,2,,C1比值不平1段系数
144,1,144,52,0,0,65535,0.01,3,2,,C1比值不平1段延时
144,1,144,53,0,0,65535,0.01,3,2,,C1比值不平2段系数
144,1,144,54,0,0,65535,0.01,3,2,,C1比值不平2段延时
144,1,144,55,0,0,65535,0.01,3,2,,C1比值不平3段系数
144,1,144,56,0,0,65535,0.01,3,2,,C1比值不平3段延时
144,1,144,57,0,0,65535,0.01,3,2,,不平衡计数清零
144,1,144,58,0,0,65535,0.01,3,2,,电容C1电流比值差值
144,1,144,59,0,0,65535,0.01,3,2,,C1计数不平衡1段投退
144,1,144,60,0,0,65535,0.01,3,2,,C1计数不平衡2段投退
144,1,144,61,0,0,65535,0.01,3,2,,C1计数不平衡3段投退
144,1,144,62,0,0,65535,0.01,3,2,,不平衡1段和计数定值
144,1,144,63,0,0,65535,0.01,3,2,,不平衡1段差计数定值
144,1,144,64,0,0,65535,0.01,3,2,,计数不平衡1段延时
144,1,144,65,0,0,65535,0.01,3,2,,不平衡2段和计数定值
144,1,144,66,0,0,65535,0.01,3,2,,不平衡2段差计数定值
144,1,144,67,0,0,65535,0.01,3,2,,计数不平衡2段延时
144,1,144,68,0,0,65535,0.01,3,2,,不平衡3段和计数定值
144,1,144,69,0,0,65535,0.01,3,2,,不平衡3段差计数定值
144,1,144,70,0,0,65535,0.01,3,2,,计数不平衡3段延时
144,1,144,71,1,0,65535,1,3,2,,基波过流1段投退
144,1,144,72,1,0,65535,1,3,2,,基波过流2段投退
144,1,144,73,1,0,65535,1,3,2,,基波过流3段投退
144,1,144,74,0,0,65535,0.01,3,2,,基波过流1段电流
144,1,144,75,0,0,65535,0.01,3,2,,基波过流1段延时
144,1,144,76,0,0,65535,0.01,3,2,,基波过流2段电流
144,1,144,77,0,0,65535,0.01,3,2,,基波过流2段延时
144,1,144,78,0,0,65535,0.01,3,2,,基波过流3段电流
144,1,144,79,0,0,65535,0.01,3,2,,基波过流3段延时
144,1,144,80,1,0,65535,1,3,2,,谐波过负荷1段投退
144,1,144,81,1,0,65535,1,3,2,,谐波过负荷2段投退
144,1,144,82,1,0,65535,1,3,2,,谐波过负荷3段投退
144,1,144,83,0,0,65535,0.01,3,2,,谐波过负荷1段电流
144,1,144,84,0,0,65535,0.01,3,2,,谐波过负荷1段延时
144,1,144,85,0,0,65535,0.01,3,2,,谐波过负荷2段电流
144,1,144,86,0,0,65535,0.01,3,2,,谐波过负荷2段延时
144,1,144,87,0,0,65535,0.01,3,2,,谐波过负荷3段电流
144,1,144,88,0,0,65535,0.01,3,2,,谐波过负荷3段延时
144,1,144,89,0,0,65535,0.01,3,2,,电阻热时间常数Tao
144,1,144,90,1,0,65535,1,3,2,,热过负荷1段投退
144,1,144,91,1,0,65535,1,3,2,,热过负荷2段投退
144,1,144,92,0,0,65535,0.01,3,2,,热过负荷1段电流
144,1,144,93,0,0,65535,0.01,3,2,,热过负荷1段延时
144,1,144,94,0,0,65535,0.01,3,2,,热过负荷2段电流
144,1,144,95,0,0,65535,0.01,3,2,,热过负荷2段延时
144,1,144,96,1,0,65535,1,3,2,,基波过流1段投退
144,1,144,97,1,0,65535,1,3,2,,基波过流2段投退
144,1,144,98,0,0,65535,0.01,3,2,,基波过流3段投退
144,1,144,99,0,0,65535,0.01,3,2,,基波过流1段电流
144,1,144,100,0,0,65535,0.01,3,2,,基波过流1段延时
144,1,144,101,0,0,65535,0.01,3,2,,基波过流2段电流
144,1,144,102,0,0,65535,0.01,3,2,,基波过流2段延时
144,1,144,103,0,0,65535,0.01,3,2,,基波过流3段电流
144,1,144,104,0,0,65535,0.01,3,2,,基波过流3段延时
144,1,144,105,0,0,65535,0.01,3,2,,电抗谐波系数K
144,1,144,106,1,0,65535,1,3,2,,谐波过负荷1段投退
144,1,144,107,1,0,65535,1,3,2,,谐波过负荷2段投退
144,1,144,108,1,0,65535,1,3,2,,谐波过负荷3段投退
144,1,144,109,0,0,65535,0.01,3,2,,谐波过负荷1段电流
144,1,144,110,0,0,65535,0.01,3,2,,谐波过负荷1段延时
144,1,144,111,0,0,65535,0.01,3,2,,谐波过负荷2段电流
144,1,144,112,0,0,65535,0.01,3,2,,谐波过负荷2段延时
144,1,144,113,0,0,65535,0.01,3,2,,谐波过负荷3段电流
144,1,144,114,0,0,65535,0.01,3,2,,谐波过负荷3段延时
144,1,144,115,0,0,65535,0.01,3,2,,电抗热时间常数Tao
144,1,144,116,1,0,65535,1,3,2,,热过负荷1段投退
144,1,144,117,1,0,65535,1,3,2,,热过负荷2段投退
144,1,144,118,0,0,65535,0.01,3,2,,热过负荷1段电流
144,1,144,119,0,0,65535,0.01,3,2,,热过负荷1段延时
144,1,144,120,0,0,65535,0.01,3,2,,热过负荷2段电流
144,1,144,121,0,0,65535,0.01,3,2,,热过负荷2段延时
144,1,144,122,1,0,65535,1,3,2,,零序过流1段投退
144,1,144,123,1,0,65535,1,3,2,,零序过流2段投退
144,1,144,124,0,0,65535,0.01,3,2,,零序过流1段电流
144,1,144,125,0,0,65535,0.01,3,2,,零序过流1段延时
144,1,144,126,0,0,65535,0.01,3,2,,零序过流2段电流
144,1,144,127,0,0,65535,0.01,3,2,,零序过流2段延时
144,1,144,128,1,0,65535,1,3,2,,零序充电投退
144,1,144,129,0,0,65535,0.01,3,2,,零序充电电流
144,1,144,130,0,0,65535,0.01,3,2,,零序充电延时
144,1,144,131,1,0,65535,1,3,2,,失谐监视投退
144,1,144,132,0,0,65535,0.01,3,2,,失谐监视启动门槛
144,1,144,133,0,0,65535,0.01,3,2,,失谐监视比例系数
144,1,144,134,0,0,65535,0.01,3,2,,失谐监视延时
144,1,144,135,0,0,65535,0.01,3,2,,C2桥差过流投退
144,1,144,136,0,0,65535,0.01,3,2,,C2桥差电流
144,1,144,137,0,0,65535,0.01,3,2,,C2桥差过流延时
144,1,144,138,1,0,65535,1,3,2,,C2比值不平1段投退
144,1,144,139,1,0,65535,1,3,2,,C2比值不平2段投退
144,1,144,140,1,0,65535,1,3,2,,C2比值不平3段投退
144,1,144,141,0,0,65535,0.01,3,2,,C2比值不平1段系数
144,1,144,142,0,0,65535,0.01,3,2,,C2比值不平1段延时
144,1,144,143,0,0,65535,0.01,3,2,,C2比值不平2段系数
144,1,144,144,0,0,65535,0.01,3,2,,C2比值不平2段延时
144,1,144,145,0,0,65535,0.01,3,2,,C2比值不平3段系数
144,1,144,146,0,0,65535,0.01,3,2,,C2比值不平3段延时
144,1,144,147,1,0,65535,1,3,2,,低压电容保护投退
144,1,144,148,0,0,65535,0.01,3,2,,低压电容比例系数
144,1,144,149,0,0,65535,0.01,3,2,,低压电容保护延时
144,1,144,150,1,0,65535,1,3,2,,失灵T1投退
144,1,144,151,1,0,65535,1,3,2,,失灵T2投退
144,1,144,152,0,0,65535,0.01,3,2,,失灵相电流
144,1,144,153,0,0,65535,0.01,3,2,,失灵负序电流
144,1,144,154,0,0,65535,0.01,3,2,,失灵零序电流
144,1,144,155,0,0,65535,0.01,3,2,,失灵延时T1
144,1,144,156,0,0,65535,0.01,3,2,,失灵延时T2
144,1,144,157,1,0,65535,1,3,2,,非全相T1投退
144,1,144,158,1,0,65535,1,3,2,,非全相T2投退
144,1,144,159,0,0,65535,0.01,3,2,,非全相电流选择
144,1,144,160,0,0,65535,0.01,3,2,,非全相电流定值
144,1,144,161,0,0,65535,0.01,3,2,,非全相延时T1
144,1,144,162,0,0,65535,0.01,3,2,,非全相延时T2
[KG_SETs]
[DI_CHANGE]
1,255,42,失灵启动开入
1,255,43,断路器合位
1,255,44,断路器三相合位
1,255,45,CPU1启动
1,255,46,A相差流突变量启动
1,255,47,A相差流启动元件动作
1,255,48,B相差流突变量启动
1,255,49,B相差流启动元件动作
1,255,50,C相差流突变量启动
1,255,51,C相差流启动元件动作
1,255,52,A相差流速断动作
1,255,53,B相差流速断动作
1,255,54,C相差流速断动作
1,255,55,差流速断动作
1,255,56,TA异常公用判据
1,255,57,母线侧TA异常
1,255,58,接地侧TA异常
1,255,59,避雷器侧TA异常
1,255,60,TA异常
1,255,61,制动区闭锁
1,255,62,A相比率差动动作
1,255,63,B相比率差动动作
1,255,64,C相比率差动动作
1,255,65,比率差动动作
1,255,66,差流越限告警
1,255,67,差动保护启动
1,255,68,高压侧过流启动
1,255,69,峰值过电压启动
1,255,70,C1桥差过流启动
1,255,71,C1比值不平衡启动
1,255,72,C1计数不平衡启动
1,255,73,电阻基波过流启动
1,255,74,电阻谐波过负荷启动
1,255,75,电阻热过负荷启动
1,255,76,电抗基波过流启动
1,255,77,电抗谐波过负荷启动
1,255,78,电抗热过负荷启动
1,255,79,零序过流启动
1,255,80,零序充电启动
1,255,81,C2桥差过流启动
1,255,82,C2比值不平衡启动
1,255,83,A相低压电容保护启动
1,255,84,B相低压电容保护启动
1,255,85,C相低压电容保护启动
1,255,86,低压电容保护启动
1,255,87,失灵保护启动
1,255,88,非全相保护启动
1,255,89,锁定故障计数
1,255,90,高压侧过流2段动作
1,255,91,高压侧过流3段动作
1,255,92,峰值过电压2段动作
1,255,93,峰值过电压3段动作
1,255,94,C1桥差过流动作
1,255,95,C1比值不平衡2段动作
1,255,96,C1比值不平衡3段动作
1,255,97,C1计数不平衡2段动作
1,255,98,C1计数不平衡3段动作
1,255,99,C2桥差过流动作
1,255,100,C2比值不平衡2段动作
1,255,101,C2比值不平衡3段动作
1,255,102,电阻基波过流2段动作
1,255,103,电阻基波过流3段动作
1,255,104,电阻谐波过负荷2段动
1,255,105,电阻谐波过负荷3段动
1,255,106,电阻热过负荷1段动作
1,255,107,电阻热过负荷2段动作
1,255,108,电抗基波过流2段动作
1,255,109,电抗基波过流3段动作
1,255,110,电抗谐波过负荷2段动
1,255,111,电抗谐波过负荷3段动
1,255,112,电抗热过负荷1段动作
1,255,113,电抗热过负荷2段动作
1,255,114,零序过流2段动作
1,255,115,零序充电动作
1,255,116,低压电容保护动作
1,255,117,失灵T1动作
1,255,118,失灵T2跳小组断路器
1,255,119,非全相T2动作
1,255,120,CPU1保护动作
1,255,121,失灵T2跳引线断路器
1,255,122,A相差流速断继电器启动
1,255,123,B相差流速断继电器启动
1,255,124,C相差流速断继电器启动
1,255,125,差动动作出口
2,255,42,失灵启动开入
2,255,43,断路器合位
2,255,44,断路器三相合位
2,255,45,CPU2启动
2,255,46,差动保护启动
2,255,47,高压侧过流启动
2,255,48,高压侧热过负荷启动
2,255,49,峰值过电压启动
2,255,50,C1桥差过流启动
2,255,51,C1比值不平衡启动
2,255,52,C1计数不平衡启动
2,255,53,电阻基波过流启动
2,255,54,电阻谐波过负荷启动
2,255,55,电阻热过负荷启动
2,255,56,电抗基波过流启动
2,255,57,电抗谐波过负荷启动
2,255,58,电抗热过负荷启动
2,255,59,零序过流启动
2,255,60,零序充电启动
2,255,61,C2桥差过流启动
2,255,62,C2比值不平衡启动
2,255,63,低压电容保护启动
2,255,64,失灵启动开入异常
2,255,65,失灵保护启动
2,255,66,非全相保护启动
2,255,67,CPU1保护动作
[ACC]
1,1,母线侧A相电流,A,0,A
1,2,电阻侧A相电流,A,0,A
1,3,母线侧B相电流,B,0,A
1,4,电阻侧B相电流,B,0,A
1,5,母线侧C相电流,C,0,A
1,6,电阻侧C相电流,C,0,A
1,7,电容C1不平A相电流,A,0,A
1,8,电容C2不平A相电流,A,0,A
1,9,电容C1不平B相电流,B,0,A
1,10,电容C2不平B相电流,B,0,A
1,11,电容C1不平C相电流,C,0,A
1,12,电容C2不平C相电流,C,0,A
1,13,接地侧A相电流,A,0,A
1,14,避雷器侧A相电流,A,0,A
1,15,接地侧B相电流,B,0,A
1,16,避雷器侧B相电流,B,0,A
1,17,接地侧C相电流,C,0,A
1,18,避雷器侧C相电流,C,0,A
1,19,接地侧零序电流,N,0,A
1,20,电抗侧A相电流,A,0,A
1,21,电抗侧B相电流,B,0,A
1,22,电抗侧C相电流,C,0,A
1,23,母线侧A相峰值电流,A,0,A
1,24,母线侧B相峰值电流,B,0,A
1,25,母线侧C相峰值电流,C,0,A
1,26,低压零序RMS电流,N,0,A
1,27,电阻A相RMS电流,A,0,A
1,28,电阻B相RMS电流,B,0,A
1,29,电阻C相RMS电流,C,0,A
1,30,电抗A相RMS电流,A,0,A
1,31,电抗B相RMS电流,B,0,A
1,32,电抗C相RMS电流,C,0,A
1,33,5V电源电压,X,0,V
1,34,15V电源电压,X,0,V
1,35,-15V电源电压,X,0,V
1,36,A相差动电流,A,0,A
1,37,B相差动电流,B,0,A
1,38,C相差动电流,C,0,A
1,39,A相增量启动电流,A,0,A
1,40,B相增量启动电流,B,0,A
1,41,C相增量启动电流,C,0,A
2,1,母线侧A相电流,A,0,A
2,2,电阻侧A相电流,A,0,A
2,3,母线侧B相电流,B,0,A
2,4,电阻侧B相电流,B,0,A
2,5,母线侧C相电流,C,0,A
2,6,电阻侧C相电流,C,0,A
2,7,电容C1不平A相电流,A,0,A
2,8,电容C2不平A相电流,A,0,A
2,9,电容C1不平B相电流,B,0,A
2,10,电容C2不平B相电流,B,0,A
2,11,电容C1不平C相电流,C,0,A
2,12,电容C2不平C相电流,C,0,A
2,13,接地侧A相电流,A,0,A
2,14,避雷器侧A相电流,A,0,A
2,15,接地侧B相电流,B,0,A
2,16,避雷器侧B相电流,B,0,A
2,17,接地侧C相电流,C,0,A
2,18,避雷器侧C相电流,C,0,A
2,19,接地侧零序电流,N,0,A
2,20,电抗侧A相电流,A,0,A
2,21,电抗侧B相电流,B,0,A
2,22,电抗侧C相电流,C,0,A
2,23,母线侧A相峰值电流,A,0,A
2,24,母线侧B相峰值电流,B,0,A
2,25,母线侧C相峰值电流,C,0,A
2,26,低压零序RMS电流,N,0,A
2,27,电阻A相RMS电流,A,0,A
2,28,电阻B相RMS电流,B,0,A
2,29,电阻C相RMS电流,C,0,A
2,30,电抗A相RMS电流,A,0,A
2,31,电抗B相RMS电流,B,0,A
2,32,电抗C相RMS电流,C,0,A
2,33,5V电源电压,X,0,V
2,34,15V电源电压,X,0,V
2,35,-15V电源电压,X,0,V
2,36,A相差动电流,A,0,A
2,37,B相差动电流,B,0,A
2,38,C相差动电流,C,0,A
2,39,A相增量启动电流,A,0,A
2,40,B相增量启动电流,B,0,A
2,41,C相增量启动电流,C,0,A
[DEV_FUN]
DEV_FUN=185
[EVENT]
176,1,1,185,62,1,比率差动
176,2,1,185,61,1,差流速断
176,3,1,185,95,1,高压侧过流2段
176,4,1,185,96,1,高压侧过流3段
176,5,1,185,85,1,峰值过电压2段
176,6,1,185,86,1,峰值过电压3段
176,7,1,185,160,1,C1桥差过流
176,8,1,185,72,1,C1比值不平衡2段
176,9,1,185,73,1,C1比值不平衡3段
176,10,1,185,75,1,C1计数不平衡2段跳闸
176,11,1,185,76,1,C1计数不平衡3段跳闸
176,12,1,185,99,1,电阻基波过流2段
176,13,1,185,100,1,电阻基波过流3段
176,14,1,185,102,1,电阻谐波过负荷2段
176,15,1,185,103,1,电阻谐波过负荷3段
176,16,1,185,104,1,电阻热过负荷1段跳闸
176,17,1,185,105,1,电阻热过负荷2段跳闸
176,18,1,185,112,1,电抗基波过流2段
176,19,1,185,113,1,电抗基波过流3段
176,20,1,185,115,1,电抗谐波过流2段
176,21,1,185,116,1,电抗谐波过流3段
176,22,1,185,117,1,电抗热过负荷1段跳闸
176,23,1,185,118,1,电抗热过负荷2段跳闸
176,24,1,185,55,1,零序过流2段
176,25,1,185,56,1,零序充电
176,26,1,185,79,1,失灵T1
176,27,1,185,80,1,失灵T2
176,28,1,185,82,1,非全相T2
176,29,1,185,123,1,C2桥差过流
176,30,1,185,125,1,C2比值不平衡2段
176,31,1,185,126,1,C2比值不平衡3段
176,32,1,185,127,1,低压电容保护跳闸
[FAULT_PARA]
224,1,1,224,1,1,3,0,10000,0.001,5,3,,故障相位
224,2,1,224,2,2,0,0,10000,0.001,5,3,kM,测距
224,3,1,224,3,3,0,0,10000,0.001,5,3,A,差动母线侧电流Ia
224,4,1,224,4,4,0,0,10000,0.001,5,3,'C,差动母线侧电流∠θ
224,5,1,224,5,5,0,0,10000,0.001,5,3,A,差动母线侧电流Ib
224,6,1,224,6,6,0,0,10000,0.001,5,3,'C,差动母线侧电流∠θ
224,7,1,224,7,7,0,0,10000,0.001,5,3,A,差动母线侧电流Ic
224,8,1,224,8,8,0,0,10000,0.001,5,3,'C,差动母线侧电流∠θ
224,9,1,224,9,9,0,0,10000,0.001,5,3,A,差动接地侧电流Ia
224,10,1,224,10,A,0,0,10000,0.001,5,3,'C,差动接地侧电流∠θ
224,11,1,224,11,B,0,0,10000,0.001,5,3,A,差动接地侧电流Ib
224,12,1,224,12,C,0,0,10000,0.001,5,3,'C,差动接地侧电流∠θ
224,13,1,224,13,D,0,0,10000,0.001,5,3,A,差动接地侧电流Ic
224,14,1,224,14,E,0,0,10000,0.001,5,3,'C,差动接地侧电流∠θ
224,15,1,224,15,F,0,0,10000,0.001,5,3,A,差动避雷器电流Ia
224,16,1,224,16,10,0,0,10000,0.001,5,3,'C,差动避雷器电流∠θ
224,17,1,224,17,11,0,0,10000,0.001,5,3,A,差动避雷器电流Ib
224,18,1,224,18,12,0,0,10000,0.001,5,3,'C,差动避雷器电流∠θ
224,19,1,224,19,13,0,0,10000,0.001,5,3,A,差动避雷器电流Ic
224,20,1,224,20,14,0,0,10000,0.001,5,3,'C,差动避雷器电流∠θ
224,21,1,224,21,15,0,0,10000,0.001,5,3,A,差动电流Ia
224,22,1,224,22,16,0,0,10000,0.001,5,3,A,差动电流Ib
224,23,1,224,23,17,0,0,10000,0.001,5,3,A,差动电流Ic
224,24,1,224,24,18,0,0,10000,0.001,5,3,A,制动电流Ia
224,25,1,224,25,19,0,0,10000,0.001,5,3,A,制动电流Ib
224,26,1,224,26,1A,0,0,10000,0.001,5,3,A,制动电流Ic
[SOFT_CNT_INFO]
[XUJI_FAULT_PARA]
1,185,62,0,3,A,差动母线侧电流Ia
1,185,62,1,4,'C,差动母线侧电流∠θ
1,185,62,2,5,A,差动母线侧电流Ib
1,185,62,3,6,'C,差动母线侧电流∠θ
1,185,62,4,7,A,差动母线侧电流Ic
1,185,62,5,8,'C,差动母线侧电流∠θ
1,185,62,6,9,A,差动接地侧电流Ia
1,185,62,7,A,'C,差动接地侧电流∠θ
1,185,62,8,B,A,差动接地侧电流Ib
1,185,62,9,C,'C,差动接地侧电流∠θ
1,185,62,10,D,A,差动接地侧电流Ic
1,185,62,11,E,'C,差动接地侧电流∠θ
1,185,62,12,F,A,差动避雷器电流Ia
1,185,62,13,10,'C,差动避雷器电流∠θ
1,185,62,14,11,A,差动避雷器电流Ib
1,185,62,15,12,'C,差动避雷器电流∠θ
1,185,62,16,13,A,差动避雷器电流Ic
1,185,62,17,14,'C,差动避雷器电流∠θ
1,185,62,18,15,A,差动电流Ia
1,185,62,19,16,A,差动电流Ib
1,185,62,20,17,A,差动电流Ic
1,185,62,21,18,A,制动电流Ia
1,185,62,22,19,A,制动电流Ib
1,185,62,23,1A,A,制动电流Ic
1,185,61,0,3,A,差动母线侧电流Ia
1,185,61,1,4,'C,差动母线侧电流∠θ
1,185,61,2,5,A,差动母线侧电流Ib
1,185,61,3,6,'C,差动母线侧电流∠θ
1,185,61,4,7,A,差动母线侧电流Ic
1,185,61,5,8,'C,差动母线侧电流∠θ
1,185,61,6,9,A,差动接地侧电流Ia
1,185,61,7,A,'C,差动接地侧电流∠θ
1,185,61,8,B,A,差动接地侧电流Ib
1,185,61,9,C,'C,差动接地侧电流∠θ
1,185,61,10,D,A,差动接地侧电流Ic
1,185,61,11,E,'C,差动接地侧电流∠θ
1,185,61,12,F,A,差动避雷器电流Ia
1,185,61,13,10,'C,差动避雷器电流∠θ
1,185,61,14,11,A,差动避雷器电流Ib
1,185,61,15,12,'C,差动避雷器电流∠θ
1,185,61,16,13,A,差动避雷器电流Ic
1,185,61,17,14,'C,差动避雷器电流∠θ
1,185,61,18,15,A,差动电流Ia
1,185,61,19,16,A,差动电流Ib
1,185,61,20,17,A,差动电流Ic
1,185,61,21,18,A,制动电流Ia
1,185,61,22,19,A,制动电流Ib
1,185,61,23,1A,A,制动电流Ic
[XUJI_FAULT_TYPE]
1,185,62,0,1,1,差动母线侧电流Ia
1,185,62,0,2,1,差动母线侧电流θa
1,185,62,0,3,1,差动母线侧电流Ib
1,185,62,0,4,1,差动母线侧电流θb
1,185,62,0,5,1,差动母线侧电流Ic
1,185,62,0,6,1,差动母线侧电流θc
1,185,62,0,7,1,差动接地侧电流Ia
1,185,62,0,8,1,差动接地侧电流θa
1,185,62,0,9,1,差动接地侧电流Ib
1,185,62,0,10,1,差动接地侧电流θb
1,185,62,0,11,1,差动接地侧电流Ic
1,185,62,0,12,1,差动接地侧电流θc
1,185,62,0,13,1,差动避雷器电流Ia
1,185,62,0,14,1,差动避雷器电流θa
1,185,62,0,15,1,差动避雷器电流Ib
1,185,62,0,16,1,差动避雷器电流θb
1,185,62,0,17,1,差动避雷器电流Ic
1,185,62,0,18,1,差动避雷器电流θc
1,185,62,0,19,1,差动电流Ia
1,185,62,0,20,1,差动电流Ib
1,185,62,0,21,1,差动电流Ic
1,185,62,0,22,1,制动电流Ia
1,185,62,0,23,1,制动电流Ib
1,185,62,0,24,1,制动电流Ic
1,185,61,0,1,1,差动母线侧电流Ia
1,185,61,0,2,1,差动母线侧电流θa
1,185,61,0,3,1,差动母线侧电流Ib
1,185,61,0,4,1,差动母线侧电流θb
1,185,61,0,5,1,差动母线侧电流Ic
1,185,61,0,6,1,差动母线侧电流θc
1,185,61,0,7,1,差动接地侧电流Ia
1,185,61,0,8,1,差动接地侧电流θa
1,185,61,0,9,1,差动接地侧电流Ib
1,185,61,0,10,1,差动接地侧电流θb
1,185,61,0,11,1,差动接地侧电流Ic
1,185,61,0,12,1,差动接地侧电流θc
1,185,61,0,13,1,差动避雷器电流Ia
1,185,61,0,14,1,差动避雷器电流θa
1,185,61,0,15,1,差动避雷器电流Ib
1,185,61,0,16,1,差动避雷器电流θb
1,185,61,0,17,1,差动避雷器电流Ic
1,185,61,0,18,1,差动避雷器电流θc
1,185,61,0,19,1,差动电流Ia
1,185,61,0,20,1,差动电流Ib
1,185,61,0,21,1,差动电流Ic
1,185,61,0,22,1,制动电流Ia
1,185,61,0,23,1,制动电流Ib
1,185,61,0,24,1,制动电流Ic
[ANA]
64,1,2.4,0.001,0,185,92,0,65535,A,C1不平衡A相电流
64,2,2.4,0.001,0,185,93,0,65535,A,C1不平衡B相电流
64,3,2.4,0.001,0,185,94,0,65535,A,C1不平衡C相电流
64,4,32767,0.001,0,185,95,0,65535,,C1电容A相损坏个数
64,5,32767,0.001,0,185,96,0,65535,,C1电容B相损坏个数
64,6,32767,0.001,0,185,97,0,65535,,C1电容C相损坏个数
64,7,2.4,0.001,0,185,98,0,65535,A,C2不平衡A相电流
64,8,2.4,0.001,0,185,99,0,65535,A,C2不平衡B相电流
64,9,2.4,0.001,0,185,100,0,65535,A,C2不平衡C相电流
[XUJU_FAULT_PARA]
1,185,62,0,3,A,差动母线侧电流Ia
1,185,62,1,4,'C,差动母线侧电流∠θ
1,185,62,2,5,A,差动母线侧电流Ib
1,185,62,3,6,'C,差动母线侧电流∠θ
1,185,62,4,7,A,差动母线侧电流Ic
1,185,62,5,8,'C,差动母线侧电流∠θ
1,185,62,6,9,A,差动接地侧电流Ia
1,185,62,7,A,'C,差动接地侧电流∠θ
1,185,62,8,B,A,差动接地侧电流Ib
1,185,62,9,C,'C,差动接地侧电流∠θ
1,185,62,10,D,A,差动接地侧电流Ic
1,185,62,11,E,'C,差动接地侧电流∠θ
1,185,62,12,F,A,差动避雷器电流Ia
1,185,62,13,10,'C,差动避雷器电流∠θ
1,185,62,14,11,A,差动避雷器电流Ib
1,185,62,15,12,'C,差动避雷器电流∠θ
1,185,62,16,13,A,差动避雷器电流Ic
1,185,62,17,14,'C,差动避雷器电流∠θ
1,185,62,18,15,A,差动电流Ia
1,185,62,19,16,A,差动电流Ib
1,185,62,20,17,A,差动电流Ic
1,185,62,21,18,A,制动电流Ia
1,185,62,22,19,A,制动电流Ib
1,185,62,23,1A,A,制动电流Ic
