[base]
code = 南网,2011-10-12 09:42:14,1,CSC330A_GD,召唤配置,南网,,,00000000,
name = 浙江以太网103接入规约
doc version = v1.20
tool = 1326 config tool
tool version = v1.10
last modified datetime = 2007-1-9 14:27

DIG=内部组号,内部条目号,偏移,103组号,103条目号,FUN,INF,SOE标记,s10/11标记,复归模式,事件使能,YxType,描述
ANA=内部组号,内部条目号,Ratio1,死区1,偏移,Group,Entry,Min,Max,Unit,描述
CTRL=内部组号,内部条目号,偏移,Group,Entry,描述
RELA_DIG_CTRL=GROUP,ENTRY,YX_GROUP,YX_ENTRY,描述
SET=内部组号,内部条目号,偏移,Group,Entry
ZONE=内部组号,内部条目号,偏移,Group,Entry
SET_ELEMENT=GROUP,CPU,ZONE,NO,TYPE,MIN/KGBits,MAX,STEP,精度n,精度m,UNIT,描述
KG_SETs=Group,Entry,Cpu,Zone,BitSeqs,Desc
POW=内部组号,内部条目号,偏移,Group,Entry,描述
EVENT=GROUP,ENTRY,CPU,FUN,INF,TRIGGER,描述
ASDU10_REPORT_INF=index,group
FAULT_PARA=内部组号,内部条目号,CPU,103组号,103条目号,ParaType,FaultType,DataType,MIN,MAX,STEP,精度n,精度m,UNIT,描述
[DIG]
16,1,0,40,1,198,20,1,0,0,0,7,保护启动
16,2,0,40,2,198,21,1,0,0,0,10,保护复归
16,3,0,40,3,198,22,1,0,0,0,8,电抗器保护动作
16,4,0,40,4,198,23,1,0,0,0,8,差动速断出口
16,5,0,40,5,198,24,1,0,0,0,8,差动保护出口
16,6,0,40,6,198,25,1,0,0,0,8,零序差动速断出口
16,7,0,40,7,198,26,1,0,0,0,8,零序差动保护出口
16,8,0,40,8,198,27,1,0,0,0,8,匝间保护出口
16,9,0,40,9,198,28,1,0,0,0,8,主电抗器过流出口
16,10,0,40,10,198,29,1,0,0,0,8,主电抗器零序过流
16,11,0,40,11,198,30,1,0,0,0,1,中性点电抗器过流
17,1,0,48,1,198,128,1,0,0,0,4,模拟量采集错
17,2,0,48,2,198,129,1,0,0,0,4,跳闸失败
17,3,0,48,3,198,130,1,0,0,0,4,设备参数错
17,4,0,48,4,198,131,1,0,0,0,4,ROM和校验错
17,5,0,48,5,198,132,1,0,0,0,4,定值错
17,6,0,48,6,198,133,1,0,0,0,4,定值区指针错
17,7,0,48,7,198,134,1,0,0,0,4,开出不响应
17,8,0,48,8,198,135,1,0,0,0,4,开出击穿
17,9,0,48,9,198,136,1,0,0,0,4,压板模式未确认
17,10,0,48,10,198,137,1,0,0,0,4,SRAM自检异常
17,11,0,48,11,198,138,1,0,0,0,4,FLASH自检异常
17,12,0,48,12,198,139,1,0,0,0,4,工作于调试定值区
17,13,0,48,13,198,140,1,0,0,0,4,开入异常
17,14,0,48,14,198,141,1,0,0,0,4,软压板错
17,15,0,48,15,198,142,1,0,0,0,4,系统配置错
17,16,0,48,16,198,143,1,0,0,0,4,CAN通讯中断
17,17,0,48,17,198,144,1,0,0,0,4,CAN通讯恢复
17,18,0,48,18,198,145,1,0,0,0,4,开入模件异常
17,19,0,48,19,198,146,1,0,0,0,4,开出模件异常
17,20,0,48,20,198,147,1,0,0,0,4,开入配置错
17,21,0,48,21,198,148,1,0,0,0,4,开出配置错
17,22,0,48,22,198,149,1,0,0,0,4,开入通讯中断
17,23,0,48,23,198,150,1,0,0,0,4,开出通讯中断
17,24,0,48,24,198,151,1,0,0,0,4,传动状态未复归
17,25,0,48,25,198,152,1,0,0,0,4,开入击穿
17,26,0,48,26,198,153,1,0,0,0,4,开入输入不正常
17,27,0,48,27,198,154,1,0,0,0,4,双位置输入不一致
17,28,0,48,28,198,155,1,0,0,0,4,开入自检回路出错
17,29,0,48,29,198,156,1,0,0,0,4,开入EEPROM出错
17,30,0,48,30,198,157,1,0,0,0,4,开出EEPROM出错
17,31,0,48,31,198,158,1,0,0,0,4,纵差差流越限
17,32,0,48,32,198,159,1,0,0,0,4,零差差流越限
17,33,0,48,33,198,160,1,0,0,0,4,主电抗器过负荷
17,34,0,48,34,198,161,1,0,0,0,4,中性点电抗过负荷
17,35,0,48,35,198,162,1,0,0,0,4,首端CT断线
17,36,0,48,36,198,163,1,0,0,0,4,末端CT断线
17,37,0,48,37,198,164,1,0,0,0,4,PT断线
17,38,0,48,38,198,165,1,0,0,0,4,首端CT相序错
17,39,0,48,39,198,166,1,0,0,0,4,末端CT相序错
17,40,0,48,40,198,167,1,0,0,0,4,PT相序错
17,41,0,48,41,198,168,1,0,0,0,4,首端CT极性错
17,42,0,48,42,198,169,1,0,0,0,4,末端CT极性错
18,1,0,56,1,198,220,1,0,0,0,0,信号复归
19,1,0,64,1,198,200,1,0,0,0,2,主保护
19,2,0,64,2,198,201,1,0,0,0,2,后备保护
19,3,0,64,3,198,202,1,0,0,0,2,检修状态压板
19,4,0,64,4,198,203,1,0,0,0,2,远方修改定值
20,1,0,72,1,112,20,1,0,0,0,4,异常
20,2,0,72,2,112,21,1,0,0,0,4,设备参数不一致
20,3,0,72,3,112,22,1,0,0,0,4,定值区号不一致
20,4,0,72,4,112,23,1,0,0,0,4,定值不一致
20,5,0,72,5,112,24,1,0,0,0,4,压板不一致
20,6,0,72,6,112,25,1,0,0,0,4,LON1通讯中断
20,7,0,72,7,112,26,1,0,0,0,4,LON2通讯中断
20,8,0,72,8,112,27,1,0,0,0,4,通讯恢复
20,9,0,72,9,112,28,1,0,0,0,4,压板模式不一致
20,10,0,72,10,112,29,1,0,0,0,4,召唤配置无应答
20,11,0,72,11,112,30,1,0,0,0,4,PLC逻辑校验出错
20,12,0,72,12,112,31,1,0,0,0,4,GOOSE通信中断
20,13,0,72,13,112,32,1,0,0,0,4,GOOSE通信恢复
20,14,0,72,14,112,33,1,0,0,0,4,GPS对时异常
20,15,0,72,15,112,34,1,0,0,0,4,GPS对时恢复正常
255,241,0,0,0,0,0,1,0,0,0,5,通信中断A
255,242,0,0,0,0,0,1,0,0,0,5,通信中断B
255,255,0,0,0,0,0,1,0,0,0,5,通信中断
[ANA]
64,1,1.000000,0,0,23,1,-32767,32767,A,IHA
64,2,1.000000,0,0,23,2,-180,180,°,相角
64,3,1.000000,0,0,23,3,-32767,32767,A,IHB
64,4,1.000000,0,0,23,4,-180,180,°,相角
64,5,1.000000,0,0,23,5,-32767,32767,A,IHC
64,6,1.000000,0,0,23,6,-180,180,°,相角
64,7,1.000000,0,0,23,7,-32767,32767,A,ILA
64,8,1.000000,0,0,23,8,-180,180,°,相角
64,9,1.000000,0,0,23,9,-32767,32767,A,ILB
64,10,1.000000,0,0,23,10,-180,180,°,相角
64,11,1.000000,0,0,23,11,-32767,32767,A,ILC
64,12,1.000000,0,0,23,12,-180,180,°,相角
64,13,1.000000,0,0,23,13,-32767,32767,A,3IH0
64,14,1.000000,0,0,23,14,-180,180,°,相角
64,15,1.000000,0,0,23,15,-32767,32767,A,I0
64,16,1.000000,0,0,23,16,-180,180,°,相角
64,17,1.000000,0,0,23,17,-32767,32767,V,UA
64,18,1.000000,0,0,23,18,-180,180,°,相角
64,19,1.000000,0,0,23,19,-32767,32767,V,UB
64,20,1.000000,0,0,23,20,-180,180,°,相角
64,21,1.000000,0,0,23,21,-32767,32767,V,UC
64,22,1.000000,0,0,23,22,-180,180,°,相角
64,23,1.000000,0,0,23,23,-32767,32767,A,DIA
64,24,1.000000,0,0,23,24,-180,180,°,相角
64,25,1.000000,0,0,23,25,-32767,32767,A,DIB
64,26,1.000000,0,0,23,26,-180,180,°,相角
64,27,1.000000,0,0,23,27,-32767,32767,A,DIC
64,28,1.000000,0,0,23,28,-180,180,°,相角
64,29,1.000000,0,0,23,29,-32767,32767,A,DI0
64,30,1.000000,0,0,23,30,-180,180,°,相角
64,31,1.000000,0,0,23,31,-32767,32767,A,3IH0Z
64,32,1.000000,0,0,23,32,-180,180,°,相角
64,33,1.000000,0,0,23,33,-32767,32767,A,3IL0Z
64,34,1.000000,0,0,23,34,-180,180,°,相角
64,35,1.000000,0,0,23,35,-32767,32767,V,3U0Z
64,36,1.000000,0,0,23,36,-180,180,°,相角
64,37,1.000000,0,0,23,37,-32767,32767,A,I+
64,38,1.000000,0,0,23,38,-32767,32767,V,U+
64,39,1.000000,0,0,23,39,-32767,32767,A,DIA
64,40,1.000000,0,0,23,40,-32767,32767,A,DIB
64,41,1.000000,0,0,23,41,-32767,32767,A,DIC
64,42,1.000000,0,0,23,42,-32767,32767,A,DI0
64,43,1.000000,0,0,23,43,-32767,32767,A,DI2A
64,44,1.000000,0,0,23,44,-32767,32767,A,DI2B
64,45,1.000000,0,0,23,45,-32767,32767,A,DI2C
64,46,1.000000,0,0,23,46,-32767,32767,A,DI3A
64,47,1.000000,0,0,23,47,-32767,32767,A,DI3B
64,48,1.000000,0,0,23,48,-32767,32767,A,DI3C
64,49,1.000000,0,0,23,49,-32767,32767,A,3IH2Z
64,50,1.000000,0,0,23,50,-180,180,°,相角
64,51,1.000000,0,0,23,51,-32767,32767,A,3IL2Z
64,52,1.000000,0,0,23,52,-180,180,°,相角
64,53,1.000000,0,0,23,53,-32767,32767,V,3U2Z
64,54,1.000000,0,0,23,54,-180,180,°,相角
[CTRL]
128,1,0,19,1,主保护
128,2,0,19,2,后备保护
128,3,0,19,3,检修状态压板
128,4,0,19,4,远方修改定值
[RELA_DIG_CTRL]
128,1,19,1,主保护
128,2,19,2,后备保护
128,3,19,3,检修状态压板
128,4,19,4,远方修改定值
[SET]
144,0,0,1,0
145,0,0,2,0
146,0,0,3,0
147,0,0,4,0
148,0,0,5,0
149,0,0,6,0
150,0,0,7,0
[ZONE]
208,0,0,22,1
208,1,0,22,2
208,2,0,22,3
[SET_ELEMENT]
144,1,1,1,1,0,31,0,0,0,,定值区号
144,1,1,2,3,0,24,0,0,0,,被保护设备
144,1,1,3,0,1,2000,0.001,0,0,Mvar,电抗器三相额定容量
144,1,1,4,0,1,2000,0.001,0,0,kV,电抗器额定电压
144,1,1,5,0,1,2000,0.001,0,0,kV,PT一次值
144,1,1,6,0,1,9999,0.001,0,0,A,首端CT一次值
144,1,1,7,0,1,5,0.001,0,0,A,首端CT二次值
144,1,1,8,0,1,9999,0.001,0,0,A,末端CT一次值
144,1,1,9,0,1,5,0.001,0,0,A,末端CT二次值
144,1,1,10,0,0,9999,0.001,0,0,Ω,中性点电抗器一次阻抗
144,1,1,11,0,0,2000,0.001,0,0,A,中性点电抗器额定电流
144,1,1,12,0,0,9999,0.001,0,0,A,外接零序CT一次值
144,1,1,13,0,1,5,0.001,0,0,A,外接零序CT二次值
145,1,1,1,0,0.1,100,0.001,0,0,A,差动速断电流定值
145,1,1,2,0,0.03,100,0.001,0,0,A,差动最小动作电流
145,1,1,3,0,0.1,100,0.001,0,0,A,零序差动速断电流定值
145,1,1,4,0,0,10,0.001,0,0,,零序差动特性斜率
145,1,1,5,0,0.03,100,0.001,0,0,A,匝间保护零序启动电流
146,1,1,6,0,0.05,100,0.001,0,0,A,主电抗器过负荷定值
146,1,1,7,0,0,30,0.001,0,0,s,主电抗器过电流延时
146,1,1,8,0,0.05,100,0.001,0,0,A,主电抗器零序过流定值
146,1,1,9,0,0,30,0.001,0,0,s,主电抗器零序过流延时
146,1,1,10,0,0.03,100,0.001,0,0,A,中性点电抗过负荷定值
146,1,1,11,0,0,30,0.001,0,0,s,中性点电抗过负荷延时
146,1,1,12,0,0.03,100,0.001,0,0,A,中性点电抗过电流定值
146,1,1,13,0,0,30,0.001,0,0,s,中性点电抗过电流延时
147,1,1,1,2,0,1,1,0,0,,差动速断
147,1,1,2,2,0,1,1,0,0,,差动保护退出
147,1,1,3,2,0,1,1,0,0,,零序差动保护退出
147,1,1,4,2,0,1,1,0,0,,匝间保护退出
147,1,1,5,2,0,1,1,0,0,,CT断线不闭锁差动保护
148,1,1,6,2,0,1,1,0,0,,主电抗器过电流过负荷
148,1,1,7,2,0,1,1,0,0,,主电抗器零序过流保护退出
148,1,1,8,2,0,1,1,0,0,,小电抗器过电流过负荷
149,1,1,9,2,0,1,1,0,0,,自动整定定值
150,1,1,1,0,0,9999,0.001,0,0,A,首端二次额定电流
150,1,1,2,0,0,9999,0.001,0,0,A,末端二次额定电流
150,1,1,3,0,0,9999,0.001,0,0,V,二次额定相电压
150,1,1,4,0,0,9999,0.001,0,0,Ω,主电抗器一次阻抗
150,1,1,5,0,0,9999,0.001,0,0,Ω,一次零序阻抗
150,1,1,6,0,0,9999,0.001,0,0,Ω,主电抗器二次阻抗
150,1,1,7,0,0,9999,0.001,0,0,Ω,二次零序阻抗
150,1,1,8,0,0,9999,0.001,0,0,,纵差平衡系数
150,1,1,9,0,0,9999,0.001,0,0,,零差平衡系数
[KG_SETs]
[POW]
[EVENT]
176,1,0,198,20,0,保护启动
176,2,0,198,21,0,保护复归
176,3,0,198,22,0,电抗器保护动作
176,4,0,198,23,0,差动速断出口
176,5,0,198,24,0,差动保护出口
176,6,0,198,25,0,零序差动速断出口
176,7,0,198,26,0,零序差动保护出口
176,8,0,198,27,0,匝间保护出口
176,9,0,198,28,0,主电抗器过流出口
176,10,0,198,29,0,主电抗器零序过流
176,11,0,198,30,0,中性点电抗器过流
[ASDU10_REPORT_INF]
1,10
[FAULT_PARA]
224,5,1,224,5,5,4,1,1,10000,1,2,3,无,A相
224,6,1,224,6,6,5,1,1,10000,1,2,3,无,B相
224,7,1,224,7,7,6,1,1,10000,1,2,3,无,C相
224,8,1,224,8,8,9,1,1,10000,1,2,3,无,CA相
224,9,1,224,9,9,7,1,1,10000,1,2,3,无,AB相
224,10,1,224,10,A,8,1,1,10000,1,2,3,无,BC相
224,11,1,224,11,B,0,1,1,10000,1,2,3,A,I
224,12,1,224,12,C,0,1,1,10000,1,2,3,Ω,X
224,13,1,224,13,D,0,1,1,10000,1,2,3,Ω,R
224,14,1,224,14,E,0,1,1,10000,1,2,3,无,值
224,15,1,224,15,F,0,1,1,10000,1,2,3,无,开入变位
224,16,1,224,16,10,3,1,1,10000,1,2,3,Km,L
224,17,1,224,17,11,0,1,1,10000,1,2,3,A,IA
224,18,1,224,18,12,0,1,1,10000,1,2,3,A,IB
224,19,1,224,19,13,0,1,1,10000,1,2,3,A,IC
224,20,1,224,20,14,0,1,1,10000,1,2,3,A,3I0
224,21,1,224,21,15,0,1,1,10000,1,2,3,V,U
224,22,1,224,22,16,0,1,1,10000,1,2,3,V,UA
224,23,1,224,23,17,0,1,1,10000,1,2,3,V,UB
224,24,1,224,24,18,0,1,1,10000,1,2,3,V,UC
224,25,1,224,25,19,0,1,1,10000,1,2,3,V,UAB
224,26,1,224,26,1A,0,1,1,10000,1,2,3,V,UBC
224,27,1,224,27,1B,0,1,1,10000,1,2,3,V,UCA
224,28,1,224,28,1C,0,1,1,10000,1,2,3,V,3U0
224,29,1,224,29,1D,0,1,1,10000,1,2,3,A,3I2
224,30,1,224,30,1E,0,1,1,10000,1,2,3,Ω,X定值
224,31,1,224,31,1F,0,1,1,10000,1,2,3,Ω,R定值
224,32,1,224,32,20,0,1,1,10000,1,2,3,A,3I0定值
224,33,1,224,33,21,0,1,1,10000,1,2,3,A,3I2定值
224,34,1,224,34,22,0,1,1,10000,1,2,3,Hz,f
224,35,1,224,35,23,0,1,1,10000,1,2,3,A,IBP1
224,36,1,224,36,24,0,1,1,10000,1,2,3,A,IBP2
224,37,1,224,37,25,0,1,1,10000,1,2,3,A,IBP3
224,38,1,224,38,26,0,1,1,10000,1,2,3,V,UBP1
224,39,1,224,39,27,0,1,1,10000,1,2,3,V,UBP2
224,40,1,224,40,28,0,1,1,10000,1,2,3,V,UBP3
224,41,1,224,41,29,0,1,1,10000,1,2,3,°,角度
224,42,1,224,42,2A,0,1,1,10000,1,2,3,无,ABC相
224,43,1,224,43,2B,0,1,1,10000,1,2,3,A,I2
224,44,1,224,44,2C,0,1,1,10000,1,2,3,无,未定义1
224,45,1,224,45,2D,0,1,1,10000,1,2,3,Kw,P
224,46,1,224,46,2E,0,1,1,10000,1,2,3,无,未定义2
224,47,1,224,47,2F,0,1,1,10000,1,2,3,Hz,频差
224,48,1,224,48,30,0,1,1,10000,1,2,3,V,压差
224,49,1,224,49,31,0,1,1,10000,1,2,3,Hz,fx
224,50,1,224,50,32,0,1,1,10000,1,2,3,无,未定义3
224,51,1,224,51,33,0,1,1,10000,1,2,3,无,未定义4
224,52,1,224,52,34,0,1,1,10000,1,2,3,无,定值区号
224,53,1,224,53,35,0,1,1,10000,1,2,3,无,CRC校验
224,54,1,224,54,36,0,1,1,10000,1,2,3,无,定值区变化
224,55,1,224,55,37,0,1,1,10000,1,2,3,无,操作对象号
224,56,1,224,56,38,0,1,1,10000,1,2,3,无,有载调压档位
224,57,1,224,57,39,0,1,1,10000,1,2,3,无,通道号
224,58,1,224,58,3A,0,1,1,10000,1,2,3,无,端子号
224,59,1,224,59,3B,0,1,1,10000,1,2,3,无,开出端子号
224,60,1,224,60,3C,0,1,1,10000,1,2,3,无,开入端子号
224,61,1,224,61,3D,0,1,1,10000,1,2,3,无,压板号
224,62,1,224,62,3E,0,1,1,10000,1,2,3,无,装置地址
224,63,1,224,63,3F,1,1,1,10000,1,2,3,无,故障相
224,64,1,224,64,40,0,1,1,10000,1,2,3,无,未定义6
224,65,1,224,65,41,0,1,1,10000,1,2,3,无,未定义7
224,66,1,224,66,42,0,1,1,10000,1,2,3,无,未定义8
224,67,1,224,67,43,0,1,1,10000,1,2,3,无,未定义9
224,68,1,224,68,44,1,1,1,10000,1,2,3,无,I母运行方式字1
224,69,1,224,69,45,1,1,1,10000,1,2,3,无,I母运行方式字2
224,70,1,224,70,46,1,1,1,10000,1,2,3,无,II母运行方式字1
224,71,1,224,71,47,1,1,1,10000,1,2,3,无,II母运行方式字2
224,72,1,224,72,48,1,1,1,10000,1,2,3,无,III母运行方式字1
224,73,1,224,73,49,1,1,1,10000,1,2,3,无,III母运行方式字2
224,74,1,224,74,4A,0,1,1,10000,1,2,3,A,大差差动电流
224,75,1,224,75,4B,0,1,1,10000,1,2,3,A,I母差动电流
224,76,1,224,76,4C,0,1,1,10000,1,2,3,A,II母差动电流
224,77,1,224,77,4D,0,1,1,10000,1,2,3,A,III母差动电流
224,78,1,224,78,4E,0,1,1,10000,1,2,3,A,差动电流Idiff
224,79,1,224,79,4F,0,1,1,10000,1,2,3,A,制动电流Ires
224,80,1,224,80,50,0,1,1,10000,1,2,3,A,A相差动电流
224,81,1,224,81,51,0,1,1,10000,1,2,3,A,B相差动电流
224,82,1,224,82,52,0,1,1,10000,1,2,3,A,C相差动电流
224,83,1,224,83,53,0,1,1,10000,1,2,3,A,零序差动电流
224,84,1,224,84,54,0,1,1,10000,1,2,3,无,同期角度差
224,85,1,224,85,55,0,1,1,10000,1,2,3,V,励磁电压Uf
224,86,1,224,86,56,0,1,1,10000,1,2,3,KVar,无功Q
224,87,1,224,87,57,0,1,1,10000,1,2,3,V,机端电压U
224,88,1,224,88,58,0,1,1,10000,1,2,3,V,母线电压U
224,89,1,224,89,59,0,1,1,10000,1,2,3,Ω,阻抗Z
224,90,1,224,90,5A,0,1,1,10000,1,2,3,V,U2
224,91,1,224,91,5B,0,1,1,10000,1,2,3,V,U3n
224,92,1,224,92,5C,0,1,1,10000,1,2,3,V,U3t
224,93,1,224,93,5D,0,1,1,10000,1,2,3,V,U3dz
224,94,1,224,94,5E,0,1,1,10000,1,2,3,V,U0
224,95,1,224,95,5F,2,1,1,10000,1,2,3,无,跳闸相
224,96,1,224,96,60,1,1,1,10000,1,2,3,无,跳闸单元
224,97,1,224,97,61,0,1,1,10000,1,2,3,V,UX
224,98,1,224,98,62,0,1,1,10000,1,2,3,A,小差电流
[SET_GRP]
144,设备参数定值
145,主保护定值
146,后备保护定值
147,主保护控制字
148,后备保护控制字
149,自定义控制字
150,系统计算参数定值
[GROUPINFO]
0,1,设备参数定值
0,2,主保护定值
0,3,后备保护定值
0,4,主保护控制字
0,5,后备保护控制字
0,6,自定义控制字
0,7,系统计算参数定值
0,22,定值区号
0,23,模拟量
0,40,状态量(保护事件)
0,48,状态量(告警信息)
0,56,状态量(开入)
0,64,压板
0,72,状态量(MASTER 告警)
